 >>> Lancement test_depth >>> 

 >>> Recherche du chemin >>> 

_____(0 =0=> 0)_____<0>
|       |  |  3 6 9|
|       |  |  2 5 8|
|       |  |  1 4 7|
--------------------
_____(3 =9=> 0)_____<1>
|  3 6 9|  |  3 6  |
|  2 5 8|  |  2 5 8|
|  1 4 7|  |9 1 4 7|
--------------------
_____(3 =8=> 0)_____<1>
|  3 6  |  |  3 6  |
|  2 5 8|  |8 2 5  |
|9 1 4 7|  |9 1 4 7|
--------------------
_____(3 =7=> 0)_____<1>
|  3 6  |  |7 3 6  |
|8 2 5  |  |8 2 5  |
|9 1 4 7|  |9 1 4  |
--------------------
_____(2 =6=> 3)_____<1>
|7 3 6  |  |7 3    |
|8 2 5  |  |8 2 5  |
|9 1 4  |  |9 1 4 6|
--------------------
_____(2 =5=> 3)_____<1>
|7 3    |  |7 3    |
|8 2 5  |  |8 2   5|
|9 1 4 6|  |9 1 4 6|
--------------------
_____(2 =4=> 3)_____<1>
|7 3    |  |7 3   4|
|8 2   5|  |8 2   5|
|9 1 4 6|  |9 1   6|
--------------------
_____(1 =3=> 2)_____<1>
|7 3   4|  |7     4|
|8 2   5|  |8 2   5|
|9 1   6|  |9 1 3 6|
--------------------
_____(3 =4=> 2)_____<1>
|7     4|  |7      |
|8 2   5|  |8 2 4 5|
|9 1 3 6|  |9 1 3 6|
--------------------
_____(3 =5=> 2)_____<1>
|7      |  |7   5  |
|8 2 4 5|  |8 2 4  |
|9 1 3 6|  |9 1 3 6|
--------------------
_____(3 =6=> 1)_____<1>
|7   5  |  |7 6 5  |
|8 2 4  |  |8 2 4  |
|9 1 3 6|  |9 1 3  |
--------------------
_____(2 =5=> 3)_____<1>
|7 6 5  |  |7 6    |
|8 2 4  |  |8 2 4  |
|9 1 3  |  |9 1 3 5|
--------------------
_____(2 =4=> 3)_____<1>
|7 6    |  |7 6    |
|8 2 4  |  |8 2   4|
|9 1 3 5|  |9 1 3 5|
--------------------
_____(2 =3=> 3)_____<1>
|7 6    |  |7 6   3|
|8 2   4|  |8 2   4|
|9 1 3 5|  |9 1   5|
--------------------
_____(1 =6=> 2)_____<1>
|7 6   3|  |7     3|
|8 2   4|  |8 2   4|
|9 1   5|  |9 1 6 5|
--------------------
_____(3 =3=> 2)_____<1>
|7     3|  |7      |
|8 2   4|  |8 2 3 4|
|9 1 6 5|  |9 1 6 5|
--------------------
_____(3 =4=> 2)_____<1>
|7      |  |7   4  |
|8 2 3 4|  |8 2 3  |
|9 1 6 5|  |9 1 6 5|
--------------------
_____(3 =5=> 1)_____<1>
|7   4  |  |7 5 4  |
|8 2 3  |  |8 2 3  |
|9 1 6 5|  |9 1 6  |
--------------------
_____(2 =4=> 3)_____<1>
|7 5 4  |  |7 5    |
|8 2 3  |  |8 2 3  |
|9 1 6  |  |9 1 6 4|
--------------------
_____(2 =3=> 3)_____<1>
|7 5    |  |7 5    |
|8 2 3  |  |8 2   3|
|9 1 6 4|  |9 1 6 4|
--------------------
_____(2 =6=> 3)_____<1>
|7 5    |  |7 5   6|
|8 2   3|  |8 2   3|
|9 1 6 4|  |9 1   4|
--------------------
_____(1 =5=> 2)_____<1>
|7 5   6|  |7     6|
|8 2   3|  |8 2   3|
|9 1   4|  |9 1 5 4|
--------------------
_____(3 =6=> 2)_____<1>
|7     6|  |7      |
|8 2   3|  |8 2 6 3|
|9 1 5 4|  |9 1 5 4|
--------------------
_____(3 =3=> 2)_____<1>
|7      |  |7   3  |
|8 2 6 3|  |8 2 6  |
|9 1 5 4|  |9 1 5 4|
--------------------
_____(3 =4=> 1)_____<1>
|7   3  |  |7 4 3  |
|8 2 6  |  |8 2 6  |
|9 1 5 4|  |9 1 5  |
--------------------
_____(2 =3=> 3)_____<1>
|7 4 3  |  |7 4    |
|8 2 6  |  |8 2 6  |
|9 1 5  |  |9 1 5 3|
--------------------
_____(2 =6=> 3)_____<1>
|7 4    |  |7 4    |
|8 2 6  |  |8 2   6|
|9 1 5 3|  |9 1 5 3|
--------------------
_____(2 =5=> 3)_____<1>
|7 4    |  |7 4   5|
|8 2   6|  |8 2   6|
|9 1 5 3|  |9 1   3|
--------------------
_____(1 =4=> 2)_____<1>
|7 4   5|  |7     5|
|8 2   6|  |8 2   6|
|9 1   3|  |9 1 4 3|
--------------------
_____(3 =5=> 2)_____<1>
|7     5|  |7      |
|8 2   6|  |8 2 5 6|
|9 1 4 3|  |9 1 4 3|
--------------------
_____(3 =6=> 2)_____<1>
|7      |  |7   6  |
|8 2 5 6|  |8 2 5  |
|9 1 4 3|  |9 1 4 3|
--------------------
_____(2 =6=> 1)_____<1>
|7   6  |  |7 6    |
|8 2 5  |  |8 2 5  |
|9 1 4 3|  |9 1 4 3|
--------------------
_____(3 =3=> 2)_____<1>
|7 6    |  |7 6 3  |
|8 2 5  |  |8 2 5  |
|9 1 4 3|  |9 1 4  |
--------------------
_____(1 =6=> 3)_____<1>
|7 6 3  |  |7   3  |
|8 2 5  |  |8 2 5  |
|9 1 4  |  |9 1 4 6|
--------------------
_____(2 =3=> 3)_____<1>
|7   3  |  |7      |
|8 2 5  |  |8 2 5 3|
|9 1 4 6|  |9 1 4 6|
--------------------
_____(2 =5=> 3)_____<1>
|7      |  |7     5|
|8 2 5 3|  |8 2   3|
|9 1 4 6|  |9 1 4 6|
--------------------
_____(3 =5=> 1)_____<1>
|7     5|  |7 5    |
|8 2   3|  |8 2   3|
|9 1 4 6|  |9 1 4 6|
--------------------
_____(3 =3=> 2)_____<1>
|7 5    |  |7 5    |
|8 2   3|  |8 2 3  |
|9 1 4 6|  |9 1 4 6|
--------------------
_____(3 =6=> 2)_____<1>
|7 5    |  |7 5 6  |
|8 2 3  |  |8 2 3  |
|9 1 4 6|  |9 1 4  |
--------------------
_____(1 =5=> 3)_____<1>
|7 5 6  |  |7   6  |
|8 2 3  |  |8 2 3  |
|9 1 4  |  |9 1 4 5|
--------------------
_____(2 =6=> 3)_____<1>
|7   6  |  |7      |
|8 2 3  |  |8 2 3 6|
|9 1 4 5|  |9 1 4 5|
--------------------
_____(3 =6=> 1)_____<1>
|7      |  |7 6    |
|8 2 3 6|  |8 2 3  |
|9 1 4 5|  |9 1 4 5|
--------------------
_____(3 =5=> 2)_____<1>
|7 6    |  |7 6 5  |
|8 2 3  |  |8 2 3  |
|9 1 4 5|  |9 1 4  |
--------------------
_____(1 =6=> 3)_____<1>
|7 6 5  |  |7   5  |
|8 2 3  |  |8 2 3  |
|9 1 4  |  |9 1 4 6|
--------------------
_____(2 =5=> 3)_____<1>
|7   5  |  |7      |
|8 2 3  |  |8 2 3 5|
|9 1 4 6|  |9 1 4 6|
--------------------
_____(2 =3=> 3)_____<1>
|7      |  |7     3|
|8 2 3 5|  |8 2   5|
|9 1 4 6|  |9 1 4 6|
--------------------
_____(2 =4=> 1)_____<1>
|7     3|  |7 4   3|
|8 2   5|  |8 2   5|
|9 1 4 6|  |9 1   6|
--------------------
_____(3 =3=> 2)_____<1>
|7 4   3|  |7 4    |
|8 2   5|  |8 2   5|
|9 1   6|  |9 1 3 6|
--------------------
_____(3 =5=> 2)_____<1>
|7 4    |  |7 4    |
|8 2   5|  |8 2 5  |
|9 1 3 6|  |9 1 3 6|
--------------------
_____(3 =6=> 2)_____<1>
|7 4    |  |7 4 6  |
|8 2 5  |  |8 2 5  |
|9 1 3 6|  |9 1 3  |
--------------------
_____(1 =4=> 3)_____<1>
|7 4 6  |  |7   6  |
|8 2 5  |  |8 2 5  |
|9 1 3  |  |9 1 3 4|
--------------------
_____(2 =6=> 3)_____<1>
|7   6  |  |7      |
|8 2 5  |  |8 2 5 6|
|9 1 3 4|  |9 1 3 4|
--------------------
_____(3 =6=> 1)_____<1>
|7      |  |7 6    |
|8 2 5 6|  |8 2 5  |
|9 1 3 4|  |9 1 3 4|
--------------------
_____(3 =4=> 2)_____<1>
|7 6    |  |7 6 4  |
|8 2 5  |  |8 2 5  |
|9 1 3 4|  |9 1 3  |
--------------------
_____(1 =6=> 3)_____<1>
|7 6 4  |  |7   4  |
|8 2 5  |  |8 2 5  |
|9 1 3  |  |9 1 3 6|
--------------------
_____(2 =4=> 3)_____<1>
|7   4  |  |7      |
|8 2 5  |  |8 2 5 4|
|9 1 3 6|  |9 1 3 6|
--------------------
_____(2 =5=> 3)_____<1>
|7      |  |7     5|
|8 2 5 4|  |8 2   4|
|9 1 3 6|  |9 1 3 6|
--------------------
_____(3 =5=> 1)_____<1>
|7     5|  |7 5    |
|8 2   4|  |8 2   4|
|9 1 3 6|  |9 1 3 6|
--------------------
_____(3 =4=> 2)_____<1>
|7 5    |  |7 5    |
|8 2   4|  |8 2 4  |
|9 1 3 6|  |9 1 3 6|
--------------------
_____(3 =6=> 2)_____<1>
|7 5    |  |7 5 6  |
|8 2 4  |  |8 2 4  |
|9 1 3 6|  |9 1 3  |
--------------------
_____(1 =5=> 3)_____<1>
|7 5 6  |  |7   6  |
|8 2 4  |  |8 2 4  |
|9 1 3  |  |9 1 3 5|
--------------------
_____(2 =6=> 3)_____<1>
|7   6  |  |7      |
|8 2 4  |  |8 2 4 6|
|9 1 3 5|  |9 1 3 5|
--------------------
_____(2 =4=> 3)_____<1>
|7      |  |7     4|
|8 2 4 6|  |8 2   6|
|9 1 3 5|  |9 1 3 5|
--------------------
_____(3 =4=> 1)_____<1>
|7     4|  |7 4    |
|8 2   6|  |8 2   6|
|9 1 3 5|  |9 1 3 5|
--------------------
_____(3 =6=> 2)_____<1>
|7 4    |  |7 4    |
|8 2   6|  |8 2 6  |
|9 1 3 5|  |9 1 3 5|
--------------------
_____(3 =5=> 2)_____<1>
|7 4    |  |7 4 5  |
|8 2 6  |  |8 2 6  |
|9 1 3 5|  |9 1 3  |
--------------------
_____(1 =4=> 3)_____<1>
|7 4 5  |  |7   5  |
|8 2 6  |  |8 2 6  |
|9 1 3  |  |9 1 3 4|
--------------------
_____(2 =5=> 3)_____<1>
|7   5  |  |7      |
|8 2 6  |  |8 2 6 5|
|9 1 3 4|  |9 1 3 4|
--------------------
_____(3 =5=> 1)_____<1>
|7      |  |7 5    |
|8 2 6 5|  |8 2 6  |
|9 1 3 4|  |9 1 3 4|
--------------------
_____(3 =4=> 2)_____<1>
|7 5    |  |7 5 4  |
|8 2 6  |  |8 2 6  |
|9 1 3 4|  |9 1 3  |
--------------------
_____(1 =5=> 3)_____<1>
|7 5 4  |  |7   4  |
|8 2 6  |  |8 2 6  |
|9 1 3  |  |9 1 3 5|
--------------------
_____(2 =4=> 3)_____<1>
|7   4  |  |7      |
|8 2 6  |  |8 2 6 4|
|9 1 3 5|  |9 1 3 5|
--------------------
_____(2 =6=> 3)_____<1>
|7      |  |7     6|
|8 2 6 4|  |8 2   4|
|9 1 3 5|  |9 1 3 5|
--------------------
_____(2 =3=> 1)_____<1>
|7     6|  |7 3   6|
|8 2   4|  |8 2   4|
|9 1 3 5|  |9 1   5|
--------------------
_____(3 =6=> 2)_____<1>
|7 3   6|  |7 3    |
|8 2   4|  |8 2   4|
|9 1   5|  |9 1 6 5|
--------------------
_____(3 =4=> 2)_____<1>
|7 3    |  |7 3    |
|8 2   4|  |8 2 4  |
|9 1 6 5|  |9 1 6 5|
--------------------
_____(3 =5=> 2)_____<1>
|7 3    |  |7 3 5  |
|8 2 4  |  |8 2 4  |
|9 1 6 5|  |9 1 6  |
--------------------
_____(1 =3=> 3)_____<1>
|7 3 5  |  |7   5  |
|8 2 4  |  |8 2 4  |
|9 1 6  |  |9 1 6 3|
--------------------
_____(2 =5=> 3)_____<1>
|7   5  |  |7      |
|8 2 4  |  |8 2 4 5|
|9 1 6 3|  |9 1 6 3|
--------------------
_____(3 =5=> 1)_____<1>
|7      |  |7 5    |
|8 2 4 5|  |8 2 4  |
|9 1 6 3|  |9 1 6 3|
--------------------
_____(3 =3=> 2)_____<1>
|7 5    |  |7 5 3  |
|8 2 4  |  |8 2 4  |
|9 1 6 3|  |9 1 6  |
--------------------
_____(1 =5=> 3)_____<1>
|7 5 3  |  |7   3  |
|8 2 4  |  |8 2 4  |
|9 1 6  |  |9 1 6 5|
--------------------
_____(2 =3=> 3)_____<1>
|7   3  |  |7      |
|8 2 4  |  |8 2 4 3|
|9 1 6 5|  |9 1 6 5|
--------------------
_____(2 =4=> 3)_____<1>
|7      |  |7     4|
|8 2 4 3|  |8 2   3|
|9 1 6 5|  |9 1 6 5|
--------------------
_____(3 =4=> 1)_____<1>
|7     4|  |7 4    |
|8 2   3|  |8 2   3|
|9 1 6 5|  |9 1 6 5|
--------------------
_____(3 =3=> 2)_____<1>
|7 4    |  |7 4    |
|8 2   3|  |8 2 3  |
|9 1 6 5|  |9 1 6 5|
--------------------
_____(3 =5=> 2)_____<1>
|7 4    |  |7 4 5  |
|8 2 3  |  |8 2 3  |
|9 1 6 5|  |9 1 6  |
--------------------
_____(1 =4=> 3)_____<1>
|7 4 5  |  |7   5  |
|8 2 3  |  |8 2 3  |
|9 1 6  |  |9 1 6 4|
--------------------
_____(2 =5=> 3)_____<1>
|7   5  |  |7      |
|8 2 3  |  |8 2 3 5|
|9 1 6 4|  |9 1 6 4|
--------------------
_____(2 =3=> 3)_____<1>
|7      |  |7     3|
|8 2 3 5|  |8 2   5|
|9 1 6 4|  |9 1 6 4|
--------------------
_____(3 =3=> 1)_____<1>
|7     3|  |7 3    |
|8 2   5|  |8 2   5|
|9 1 6 4|  |9 1 6 4|
--------------------
_____(3 =5=> 2)_____<1>
|7 3    |  |7 3    |
|8 2   5|  |8 2 5  |
|9 1 6 4|  |9 1 6 4|
--------------------
_____(3 =4=> 2)_____<1>
|7 3    |  |7 3 4  |
|8 2 5  |  |8 2 5  |
|9 1 6 4|  |9 1 6  |
--------------------
_____(1 =3=> 3)_____<1>
|7 3 4  |  |7   4  |
|8 2 5  |  |8 2 5  |
|9 1 6  |  |9 1 6 3|
--------------------
_____(2 =4=> 3)_____<1>
|7   4  |  |7      |
|8 2 5  |  |8 2 5 4|
|9 1 6 3|  |9 1 6 3|
--------------------
_____(3 =4=> 1)_____<1>
|7      |  |7 4    |
|8 2 5 4|  |8 2 5  |
|9 1 6 3|  |9 1 6 3|
--------------------
_____(3 =3=> 2)_____<1>
|7 4    |  |7 4 3  |
|8 2 5  |  |8 2 5  |
|9 1 6 3|  |9 1 6  |
--------------------
_____(1 =4=> 3)_____<1>
|7 4 3  |  |7   3  |
|8 2 5  |  |8 2 5  |
|9 1 6  |  |9 1 6 4|
--------------------
_____(2 =3=> 3)_____<1>
|7   3  |  |7      |
|8 2 5  |  |8 2 5 3|
|9 1 6 4|  |9 1 6 4|
--------------------
_____(2 =5=> 3)_____<1>
|7      |  |7     5|
|8 2 5 3|  |8 2   3|
|9 1 6 4|  |9 1 6 4|
--------------------
_____(2 =6=> 1)_____<1>
|7     5|  |7 6   5|
|8 2   3|  |8 2   3|
|9 1 6 4|  |9 1   4|
--------------------
_____(3 =5=> 2)_____<1>
|7 6   5|  |7 6    |
|8 2   3|  |8 2   3|
|9 1   4|  |9 1 5 4|
--------------------
_____(3 =3=> 2)_____<1>
|7 6    |  |7 6    |
|8 2   3|  |8 2 3  |
|9 1 5 4|  |9 1 5 4|
--------------------
_____(3 =4=> 2)_____<1>
|7 6    |  |7 6 4  |
|8 2 3  |  |8 2 3  |
|9 1 5 4|  |9 1 5  |
--------------------
_____(1 =6=> 3)_____<1>
|7 6 4  |  |7   4  |
|8 2 3  |  |8 2 3  |
|9 1 5  |  |9 1 5 6|
--------------------
_____(2 =4=> 3)_____<1>
|7   4  |  |7      |
|8 2 3  |  |8 2 3 4|
|9 1 5 6|  |9 1 5 6|
--------------------
_____(3 =4=> 1)_____<1>
|7      |  |7 4    |
|8 2 3 4|  |8 2 3  |
|9 1 5 6|  |9 1 5 6|
--------------------
_____(3 =6=> 2)_____<1>
|7 4    |  |7 4 6  |
|8 2 3  |  |8 2 3  |
|9 1 5 6|  |9 1 5  |
--------------------
_____(1 =4=> 3)_____<1>
|7 4 6  |  |7   6  |
|8 2 3  |  |8 2 3  |
|9 1 5  |  |9 1 5 4|
--------------------
_____(2 =6=> 3)_____<1>
|7   6  |  |7      |
|8 2 3  |  |8 2 3 6|
|9 1 5 4|  |9 1 5 4|
--------------------
_____(2 =3=> 3)_____<1>
|7      |  |7     3|
|8 2 3 6|  |8 2   6|
|9 1 5 4|  |9 1 5 4|
--------------------
_____(3 =3=> 1)_____<1>
|7     3|  |7 3    |
|8 2   6|  |8 2   6|
|9 1 5 4|  |9 1 5 4|
--------------------
_____(3 =6=> 2)_____<1>
|7 3    |  |7 3    |
|8 2   6|  |8 2 6  |
|9 1 5 4|  |9 1 5 4|
--------------------
_____(3 =4=> 2)_____<1>
|7 3    |  |7 3 4  |
|8 2 6  |  |8 2 6  |
|9 1 5 4|  |9 1 5  |
--------------------
_____(1 =3=> 3)_____<1>
|7 3 4  |  |7   4  |
|8 2 6  |  |8 2 6  |
|9 1 5  |  |9 1 5 3|
--------------------
_____(2 =4=> 3)_____<1>
|7   4  |  |7      |
|8 2 6  |  |8 2 6 4|
|9 1 5 3|  |9 1 5 3|
--------------------
_____(2 =6=> 3)_____<1>
|7      |  |7     6|
|8 2 6 4|  |8 2   4|
|9 1 5 3|  |9 1 5 3|
--------------------
_____(3 =6=> 1)_____<1>
|7     6|  |7 6    |
|8 2   4|  |8 2   4|
|9 1 5 3|  |9 1 5 3|
--------------------
_____(3 =4=> 2)_____<1>
|7 6    |  |7 6    |
|8 2   4|  |8 2 4  |
|9 1 5 3|  |9 1 5 3|
--------------------
_____(3 =3=> 2)_____<1>
|7 6    |  |7 6 3  |
|8 2 4  |  |8 2 4  |
|9 1 5 3|  |9 1 5  |
--------------------
_____(1 =6=> 3)_____<1>
|7 6 3  |  |7   3  |
|8 2 4  |  |8 2 4  |
|9 1 5  |  |9 1 5 6|
--------------------
_____(2 =3=> 3)_____<1>
|7   3  |  |7      |
|8 2 4  |  |8 2 4 3|
|9 1 5 6|  |9 1 5 6|
--------------------
_____(3 =3=> 1)_____<1>
|7      |  |7 3    |
|8 2 4 3|  |8 2 4  |
|9 1 5 6|  |9 1 5 6|
--------------------
_____(3 =6=> 2)_____<1>
|7 3    |  |7 3 6  |
|8 2 4  |  |8 2 4  |
|9 1 5 6|  |9 1 5  |
--------------------
_____(1 =3=> 3)_____<1>
|7 3 6  |  |7   6  |
|8 2 4  |  |8 2 4  |
|9 1 5  |  |9 1 5 3|
--------------------
_____(2 =6=> 3)_____<1>
|7   6  |  |7      |
|8 2 4  |  |8 2 4 6|
|9 1 5 3|  |9 1 5 3|
--------------------
_____(2 =4=> 3)_____<1>
|7      |  |7     4|
|8 2 4 6|  |8 2   6|
|9 1 5 3|  |9 1 5 3|
--------------------
_____(2 =5=> 1)_____<1>
|7     4|  |7 5   4|
|8 2   6|  |8 2   6|
|9 1 5 3|  |9 1   3|
--------------------
_____(3 =4=> 2)_____<1>
|7 5   4|  |7 5    |
|8 2   6|  |8 2   6|
|9 1   3|  |9 1 4 3|
--------------------
_____(3 =6=> 2)_____<1>
|7 5    |  |7 5    |
|8 2   6|  |8 2 6  |
|9 1 4 3|  |9 1 4 3|
--------------------
_____(3 =3=> 2)_____<1>
|7 5    |  |7 5 3  |
|8 2 6  |  |8 2 6  |
|9 1 4 3|  |9 1 4  |
--------------------
_____(1 =5=> 3)_____<1>
|7 5 3  |  |7   3  |
|8 2 6  |  |8 2 6  |
|9 1 4  |  |9 1 4 5|
--------------------
_____(2 =3=> 3)_____<1>
|7   3  |  |7      |
|8 2 6  |  |8 2 6 3|
|9 1 4 5|  |9 1 4 5|
--------------------
_____(3 =3=> 1)_____<1>
|7      |  |7 3    |
|8 2 6 3|  |8 2 6  |
|9 1 4 5|  |9 1 4 5|
--------------------
_____(3 =5=> 2)_____<1>
|7 3    |  |7 3 5  |
|8 2 6  |  |8 2 6  |
|9 1 4 5|  |9 1 4  |
--------------------
_____(1 =3=> 3)_____<1>
|7 3 5  |  |7   5  |
|8 2 6  |  |8 2 6  |
|9 1 4  |  |9 1 4 3|
--------------------
_____(2 =5=> 3)_____<1>
|7   5  |  |7      |
|8 2 6  |  |8 2 6 5|
|9 1 4 3|  |9 1 4 3|
--------------------
_____(2 =6=> 3)_____<1>
|7      |  |7     6|
|8 2 6 5|  |8 2   5|
|9 1 4 3|  |9 1 4 3|
--------------------
_____(3 =6=> 1)_____<1>
|7     6|  |7 6    |
|8 2   5|  |8 2   5|
|9 1 4 3|  |9 1 4 3|
--------------------
_____(2 =4=> 3)_____<1>
|7 6    |  |7 6   4|
|8 2   5|  |8 2   5|
|9 1 4 3|  |9 1   3|
--------------------
_____(1 =6=> 2)_____<1>
|7 6   4|  |7     4|
|8 2   5|  |8 2   5|
|9 1   3|  |9 1 6 3|
--------------------
_____(3 =4=> 1)_____<1>
|7     4|  |7 4    |
|8 2   5|  |8 2   5|
|9 1 6 3|  |9 1 6 3|
--------------------
_____(2 =6=> 3)_____<1>
|7 4    |  |7 4   6|
|8 2   5|  |8 2   5|
|9 1 6 3|  |9 1   3|
--------------------
_____(0 =7=> 2)_____<1>
|7 4   6|  |  4   6|
|8 2   5|  |8 2   5|
|9 1   3|  |9 1 7 3|
--------------------
_____(3 =6=> 2)_____<1>
|  4   6|  |  4    |
|8 2   5|  |8 2 6 5|
|9 1 7 3|  |9 1 7 3|
--------------------
_____(3 =5=> 2)_____<1>
|  4    |  |  4 5  |
|8 2 6 5|  |8 2 6  |
|9 1 7 3|  |9 1 7 3|
--------------------
_____(3 =3=> 0)_____<1>
|  4 5  |  |3 4 5  |
|8 2 6  |  |8 2 6  |
|9 1 7 3|  |9 1 7  |
--------------------
_____(2 =5=> 3)_____<1>
|3 4 5  |  |3 4    |
|8 2 6  |  |8 2 6  |
|9 1 7  |  |9 1 7 5|
--------------------
_____(2 =6=> 3)_____<1>
|3 4    |  |3 4    |
|8 2 6  |  |8 2   6|
|9 1 7 5|  |9 1 7 5|
--------------------
_____(2 =7=> 3)_____<1>
|3 4    |  |3 4   7|
|8 2   6|  |8 2   6|
|9 1 7 5|  |9 1   5|
--------------------
_____(1 =4=> 2)_____<1>
|3 4   7|  |3     7|
|8 2   6|  |8 2   6|
|9 1   5|  |9 1 4 5|
--------------------
_____(3 =7=> 2)_____<1>
|3     7|  |3      |
|8 2   6|  |8 2 7 6|
|9 1 4 5|  |9 1 4 5|
--------------------
_____(3 =6=> 2)_____<1>
|3      |  |3   6  |
|8 2 7 6|  |8 2 7  |
|9 1 4 5|  |9 1 4 5|
--------------------
_____(3 =5=> 1)_____<1>
|3   6  |  |3 5 6  |
|8 2 7  |  |8 2 7  |
|9 1 4 5|  |9 1 4  |
--------------------
_____(2 =6=> 3)_____<1>
|3 5 6  |  |3 5    |
|8 2 7  |  |8 2 7  |
|9 1 4  |  |9 1 4 6|
--------------------
_____(2 =7=> 3)_____<1>
|3 5    |  |3 5    |
|8 2 7  |  |8 2   7|
|9 1 4 6|  |9 1 4 6|
--------------------
_____(2 =4=> 3)_____<1>
|3 5    |  |3 5   4|
|8 2   7|  |8 2   7|
|9 1 4 6|  |9 1   6|
--------------------
_____(1 =5=> 2)_____<1>
|3 5   4|  |3     4|
|8 2   7|  |8 2   7|
|9 1   6|  |9 1 5 6|
--------------------
_____(3 =4=> 2)_____<1>
|3     4|  |3      |
|8 2   7|  |8 2 4 7|
|9 1 5 6|  |9 1 5 6|
--------------------
_____(3 =7=> 2)_____<1>
|3      |  |3   7  |
|8 2 4 7|  |8 2 4  |
|9 1 5 6|  |9 1 5 6|
--------------------
_____(3 =6=> 1)_____<1>
|3   7  |  |3 6 7  |
|8 2 4  |  |8 2 4  |
|9 1 5 6|  |9 1 5  |
--------------------
_____(2 =7=> 3)_____<1>
|3 6 7  |  |3 6    |
|8 2 4  |  |8 2 4  |
|9 1 5  |  |9 1 5 7|
--------------------
_____(2 =4=> 3)_____<1>
|3 6    |  |3 6    |
|8 2 4  |  |8 2   4|
|9 1 5 7|  |9 1 5 7|
--------------------
_____(2 =5=> 3)_____<1>
|3 6    |  |3 6   5|
|8 2   4|  |8 2   4|
|9 1 5 7|  |9 1   7|
--------------------
_____(1 =6=> 2)_____<1>
|3 6   5|  |3     5|
|8 2   4|  |8 2   4|
|9 1   7|  |9 1 6 7|
--------------------
_____(3 =5=> 2)_____<1>
|3     5|  |3      |
|8 2   4|  |8 2 5 4|
|9 1 6 7|  |9 1 6 7|
--------------------
_____(3 =4=> 2)_____<1>
|3      |  |3   4  |
|8 2 5 4|  |8 2 5  |
|9 1 6 7|  |9 1 6 7|
--------------------
_____(3 =7=> 1)_____<1>
|3   4  |  |3 7 4  |
|8 2 5  |  |8 2 5  |
|9 1 6 7|  |9 1 6  |
--------------------
_____(2 =4=> 3)_____<1>
|3 7 4  |  |3 7    |
|8 2 5  |  |8 2 5  |
|9 1 6  |  |9 1 6 4|
--------------------
_____(2 =5=> 3)_____<1>
|3 7    |  |3 7    |
|8 2 5  |  |8 2   5|
|9 1 6 4|  |9 1 6 4|
--------------------
_____(2 =6=> 3)_____<1>
|3 7    |  |3 7   6|
|8 2   5|  |8 2   5|
|9 1 6 4|  |9 1   4|
--------------------
_____(1 =7=> 2)_____<1>
|3 7   6|  |3     6|
|8 2   5|  |8 2   5|
|9 1   4|  |9 1 7 4|
--------------------
_____(3 =6=> 2)_____<1>
|3     6|  |3      |
|8 2   5|  |8 2 6 5|
|9 1 7 4|  |9 1 7 4|
--------------------
_____(3 =5=> 2)_____<1>
|3      |  |3   5  |
|8 2 6 5|  |8 2 6  |
|9 1 7 4|  |9 1 7 4|
--------------------
_____(2 =5=> 1)_____<1>
|3   5  |  |3 5    |
|8 2 6  |  |8 2 6  |
|9 1 7 4|  |9 1 7 4|
--------------------
_____(3 =4=> 2)_____<1>
|3 5    |  |3 5 4  |
|8 2 6  |  |8 2 6  |
|9 1 7 4|  |9 1 7  |
--------------------
_____(1 =5=> 3)_____<1>
|3 5 4  |  |3   4  |
|8 2 6  |  |8 2 6  |
|9 1 7  |  |9 1 7 5|
--------------------
_____(2 =4=> 3)_____<1>
|3   4  |  |3      |
|8 2 6  |  |8 2 6 4|
|9 1 7 5|  |9 1 7 5|
--------------------
_____(2 =6=> 3)_____<1>
|3      |  |3     6|
|8 2 6 4|  |8 2   4|
|9 1 7 5|  |9 1 7 5|
--------------------
_____(3 =6=> 1)_____<1>
|3     6|  |3 6    |
|8 2   4|  |8 2   4|
|9 1 7 5|  |9 1 7 5|
--------------------
_____(3 =4=> 2)_____<1>
|3 6    |  |3 6    |
|8 2   4|  |8 2 4  |
|9 1 7 5|  |9 1 7 5|
--------------------
_____(3 =5=> 2)_____<1>
|3 6    |  |3 6 5  |
|8 2 4  |  |8 2 4  |
|9 1 7 5|  |9 1 7  |
--------------------
_____(1 =6=> 3)_____<1>
|3 6 5  |  |3   5  |
|8 2 4  |  |8 2 4  |
|9 1 7  |  |9 1 7 6|
--------------------
_____(2 =5=> 3)_____<1>
|3   5  |  |3      |
|8 2 4  |  |8 2 4 5|
|9 1 7 6|  |9 1 7 6|
--------------------
_____(3 =5=> 1)_____<1>
|3      |  |3 5    |
|8 2 4 5|  |8 2 4  |
|9 1 7 6|  |9 1 7 6|
--------------------
_____(3 =6=> 2)_____<1>
|3 5    |  |3 5 6  |
|8 2 4  |  |8 2 4  |
|9 1 7 6|  |9 1 7  |
--------------------
_____(1 =5=> 3)_____<1>
|3 5 6  |  |3   6  |
|8 2 4  |  |8 2 4  |
|9 1 7  |  |9 1 7 5|
--------------------
_____(2 =6=> 3)_____<1>
|3   6  |  |3      |
|8 2 4  |  |8 2 4 6|
|9 1 7 5|  |9 1 7 5|
--------------------
_____(2 =4=> 3)_____<1>
|3      |  |3     4|
|8 2 4 6|  |8 2   6|
|9 1 7 5|  |9 1 7 5|
--------------------
_____(2 =7=> 1)_____<1>
|3     4|  |3 7   4|
|8 2   6|  |8 2   6|
|9 1 7 5|  |9 1   5|
--------------------
_____(3 =4=> 2)_____<1>
|3 7   4|  |3 7    |
|8 2   6|  |8 2   6|
|9 1   5|  |9 1 4 5|
--------------------
_____(3 =6=> 2)_____<1>
|3 7    |  |3 7    |
|8 2   6|  |8 2 6  |
|9 1 4 5|  |9 1 4 5|
--------------------
_____(3 =5=> 2)_____<1>
|3 7    |  |3 7 5  |
|8 2 6  |  |8 2 6  |
|9 1 4 5|  |9 1 4  |
--------------------
_____(1 =7=> 3)_____<1>
|3 7 5  |  |3   5  |
|8 2 6  |  |8 2 6  |
|9 1 4  |  |9 1 4 7|
--------------------
_____(2 =5=> 3)_____<1>
|3   5  |  |3      |
|8 2 6  |  |8 2 6 5|
|9 1 4 7|  |9 1 4 7|
--------------------
_____(3 =5=> 1)_____<1>
|3      |  |3 5    |
|8 2 6 5|  |8 2 6  |
|9 1 4 7|  |9 1 4 7|
--------------------
_____(3 =7=> 2)_____<1>
|3 5    |  |3 5 7  |
|8 2 6  |  |8 2 6  |
|9 1 4 7|  |9 1 4  |
--------------------
_____(1 =5=> 3)_____<1>
|3 5 7  |  |3   7  |
|8 2 6  |  |8 2 6  |
|9 1 4  |  |9 1 4 5|
--------------------
_____(2 =7=> 3)_____<1>
|3   7  |  |3      |
|8 2 6  |  |8 2 6 7|
|9 1 4 5|  |9 1 4 5|
--------------------
_____(2 =6=> 3)_____<1>
|3      |  |3     6|
|8 2 6 7|  |8 2   7|
|9 1 4 5|  |9 1 4 5|
--------------------
_____(3 =6=> 1)_____<1>
|3     6|  |3 6    |
|8 2   7|  |8 2   7|
|9 1 4 5|  |9 1 4 5|
--------------------
_____(3 =7=> 2)_____<1>
|3 6    |  |3 6    |
|8 2   7|  |8 2 7  |
|9 1 4 5|  |9 1 4 5|
--------------------
_____(3 =5=> 2)_____<1>
|3 6    |  |3 6 5  |
|8 2 7  |  |8 2 7  |
|9 1 4 5|  |9 1 4  |
--------------------
_____(1 =6=> 3)_____<1>
|3 6 5  |  |3   5  |
|8 2 7  |  |8 2 7  |
|9 1 4  |  |9 1 4 6|
--------------------
_____(2 =5=> 3)_____<1>
|3   5  |  |3      |
|8 2 7  |  |8 2 7 5|
|9 1 4 6|  |9 1 4 6|
--------------------
_____(2 =7=> 3)_____<1>
|3      |  |3     7|
|8 2 7 5|  |8 2   5|
|9 1 4 6|  |9 1 4 6|
--------------------
_____(3 =7=> 1)_____<1>
|3     7|  |3 7    |
|8 2   5|  |8 2   5|
|9 1 4 6|  |9 1 4 6|
--------------------
_____(3 =5=> 2)_____<1>
|3 7    |  |3 7    |
|8 2   5|  |8 2 5  |
|9 1 4 6|  |9 1 4 6|
--------------------
_____(3 =6=> 2)_____<1>
|3 7    |  |3 7 6  |
|8 2 5  |  |8 2 5  |
|9 1 4 6|  |9 1 4  |
--------------------
_____(1 =7=> 3)_____<1>
|3 7 6  |  |3   6  |
|8 2 5  |  |8 2 5  |
|9 1 4  |  |9 1 4 7|
--------------------
_____(2 =6=> 3)_____<1>
|3   6  |  |3      |
|8 2 5  |  |8 2 5 6|
|9 1 4 7|  |9 1 4 7|
--------------------
_____(3 =6=> 1)_____<1>
|3      |  |3 6    |
|8 2 5 6|  |8 2 5  |
|9 1 4 7|  |9 1 4 7|
--------------------
_____(3 =7=> 2)_____<1>
|3 6    |  |3 6 7  |
|8 2 5  |  |8 2 5  |
|9 1 4 7|  |9 1 4  |
--------------------
_____(1 =6=> 3)_____<1>
|3 6 7  |  |3   7  |
|8 2 5  |  |8 2 5  |
|9 1 4  |  |9 1 4 6|
--------------------
_____(2 =7=> 3)_____<1>
|3   7  |  |3      |
|8 2 5  |  |8 2 5 7|
|9 1 4 6|  |9 1 4 6|
--------------------
_____(2 =5=> 3)_____<1>
|3      |  |3     5|
|8 2 5 7|  |8 2   7|
|9 1 4 6|  |9 1 4 6|
--------------------
_____(2 =4=> 1)_____<1>
|3     5|  |3 4   5|
|8 2   7|  |8 2   7|
|9 1 4 6|  |9 1   6|
--------------------
_____(3 =5=> 2)_____<1>
|3 4   5|  |3 4    |
|8 2   7|  |8 2   7|
|9 1   6|  |9 1 5 6|
--------------------
_____(3 =7=> 2)_____<1>
|3 4    |  |3 4    |
|8 2   7|  |8 2 7  |
|9 1 5 6|  |9 1 5 6|
--------------------
_____(3 =6=> 2)_____<1>
|3 4    |  |3 4 6  |
|8 2 7  |  |8 2 7  |
|9 1 5 6|  |9 1 5  |
--------------------
_____(1 =4=> 3)_____<1>
|3 4 6  |  |3   6  |
|8 2 7  |  |8 2 7  |
|9 1 5  |  |9 1 5 4|
--------------------
_____(2 =6=> 3)_____<1>
|3   6  |  |3      |
|8 2 7  |  |8 2 7 6|
|9 1 5 4|  |9 1 5 4|
--------------------
_____(3 =6=> 1)_____<1>
|3      |  |3 6    |
|8 2 7 6|  |8 2 7  |
|9 1 5 4|  |9 1 5 4|
--------------------
_____(3 =4=> 2)_____<1>
|3 6    |  |3 6 4  |
|8 2 7  |  |8 2 7  |
|9 1 5 4|  |9 1 5  |
--------------------
_____(1 =6=> 3)_____<1>
|3 6 4  |  |3   4  |
|8 2 7  |  |8 2 7  |
|9 1 5  |  |9 1 5 6|
--------------------
_____(2 =4=> 3)_____<1>
|3   4  |  |3      |
|8 2 7  |  |8 2 7 4|
|9 1 5 6|  |9 1 5 6|
--------------------
_____(2 =7=> 3)_____<1>
|3      |  |3     7|
|8 2 7 4|  |8 2   4|
|9 1 5 6|  |9 1 5 6|
--------------------
_____(3 =7=> 1)_____<1>
|3     7|  |3 7    |
|8 2   4|  |8 2   4|
|9 1 5 6|  |9 1 5 6|
--------------------
_____(3 =4=> 2)_____<1>
|3 7    |  |3 7    |
|8 2   4|  |8 2 4  |
|9 1 5 6|  |9 1 5 6|
--------------------
_____(3 =6=> 2)_____<1>
|3 7    |  |3 7 6  |
|8 2 4  |  |8 2 4  |
|9 1 5 6|  |9 1 5  |
--------------------
_____(1 =7=> 3)_____<1>
|3 7 6  |  |3   6  |
|8 2 4  |  |8 2 4  |
|9 1 5  |  |9 1 5 7|
--------------------
_____(2 =6=> 3)_____<1>
|3   6  |  |3      |
|8 2 4  |  |8 2 4 6|
|9 1 5 7|  |9 1 5 7|
--------------------
_____(2 =4=> 3)_____<1>
|3      |  |3     4|
|8 2 4 6|  |8 2   6|
|9 1 5 7|  |9 1 5 7|
--------------------
_____(3 =4=> 1)_____<1>
|3     4|  |3 4    |
|8 2   6|  |8 2   6|
|9 1 5 7|  |9 1 5 7|
--------------------
_____(3 =6=> 2)_____<1>
|3 4    |  |3 4    |
|8 2   6|  |8 2 6  |
|9 1 5 7|  |9 1 5 7|
--------------------
_____(3 =7=> 2)_____<1>
|3 4    |  |3 4 7  |
|8 2 6  |  |8 2 6  |
|9 1 5 7|  |9 1 5  |
--------------------
_____(1 =4=> 3)_____<1>
|3 4 7  |  |3   7  |
|8 2 6  |  |8 2 6  |
|9 1 5  |  |9 1 5 4|
--------------------
_____(2 =7=> 3)_____<1>
|3   7  |  |3      |
|8 2 6  |  |8 2 6 7|
|9 1 5 4|  |9 1 5 4|
--------------------
_____(3 =7=> 1)_____<1>
|3      |  |3 7    |
|8 2 6 7|  |8 2 6  |
|9 1 5 4|  |9 1 5 4|
--------------------
_____(3 =4=> 2)_____<1>
|3 7    |  |3 7 4  |
|8 2 6  |  |8 2 6  |
|9 1 5 4|  |9 1 5  |
--------------------
_____(1 =7=> 3)_____<1>
|3 7 4  |  |3   4  |
|8 2 6  |  |8 2 6  |
|9 1 5  |  |9 1 5 7|
--------------------
_____(2 =4=> 3)_____<1>
|3   4  |  |3      |
|8 2 6  |  |8 2 6 4|
|9 1 5 7|  |9 1 5 7|
--------------------
_____(2 =6=> 3)_____<1>
|3      |  |3     6|
|8 2 6 4|  |8 2   4|
|9 1 5 7|  |9 1 5 7|
--------------------
_____(2 =5=> 1)_____<1>
|3     6|  |3 5   6|
|8 2   4|  |8 2   4|
|9 1 5 7|  |9 1   7|
--------------------
_____(3 =6=> 2)_____<1>
|3 5   6|  |3 5    |
|8 2   4|  |8 2   4|
|9 1   7|  |9 1 6 7|
--------------------
_____(3 =4=> 2)_____<1>
|3 5    |  |3 5    |
|8 2   4|  |8 2 4  |
|9 1 6 7|  |9 1 6 7|
--------------------
_____(3 =7=> 2)_____<1>
|3 5    |  |3 5 7  |
|8 2 4  |  |8 2 4  |
|9 1 6 7|  |9 1 6  |
--------------------
_____(1 =5=> 3)_____<1>
|3 5 7  |  |3   7  |
|8 2 4  |  |8 2 4  |
|9 1 6  |  |9 1 6 5|
--------------------
_____(2 =7=> 3)_____<1>
|3   7  |  |3      |
|8 2 4  |  |8 2 4 7|
|9 1 6 5|  |9 1 6 5|
--------------------
_____(3 =7=> 1)_____<1>
|3      |  |3 7    |
|8 2 4 7|  |8 2 4  |
|9 1 6 5|  |9 1 6 5|
--------------------
_____(3 =5=> 2)_____<1>
|3 7    |  |3 7 5  |
|8 2 4  |  |8 2 4  |
|9 1 6 5|  |9 1 6  |
--------------------
_____(1 =7=> 3)_____<1>
|3 7 5  |  |3   5  |
|8 2 4  |  |8 2 4  |
|9 1 6  |  |9 1 6 7|
--------------------
_____(2 =5=> 3)_____<1>
|3   5  |  |3      |
|8 2 4  |  |8 2 4 5|
|9 1 6 7|  |9 1 6 7|
--------------------
_____(2 =4=> 3)_____<1>
|3      |  |3     4|
|8 2 4 5|  |8 2   5|
|9 1 6 7|  |9 1 6 7|
--------------------
_____(3 =4=> 1)_____<1>
|3     4|  |3 4    |
|8 2   5|  |8 2   5|
|9 1 6 7|  |9 1 6 7|
--------------------
_____(3 =5=> 2)_____<1>
|3 4    |  |3 4    |
|8 2   5|  |8 2 5  |
|9 1 6 7|  |9 1 6 7|
--------------------
_____(3 =7=> 2)_____<1>
|3 4    |  |3 4 7  |
|8 2 5  |  |8 2 5  |
|9 1 6 7|  |9 1 6  |
--------------------
_____(1 =4=> 3)_____<1>
|3 4 7  |  |3   7  |
|8 2 5  |  |8 2 5  |
|9 1 6  |  |9 1 6 4|
--------------------
_____(2 =7=> 3)_____<1>
|3   7  |  |3      |
|8 2 5  |  |8 2 5 7|
|9 1 6 4|  |9 1 6 4|
--------------------
_____(2 =5=> 3)_____<1>
|3      |  |3     5|
|8 2 5 7|  |8 2   7|
|9 1 6 4|  |9 1 6 4|
--------------------
_____(3 =5=> 1)_____<1>
|3     5|  |3 5    |
|8 2   7|  |8 2   7|
|9 1 6 4|  |9 1 6 4|
--------------------
_____(3 =7=> 2)_____<1>
|3 5    |  |3 5    |
|8 2   7|  |8 2 7  |
|9 1 6 4|  |9 1 6 4|
--------------------
_____(3 =4=> 2)_____<1>
|3 5    |  |3 5 4  |
|8 2 7  |  |8 2 7  |
|9 1 6 4|  |9 1 6  |
--------------------
_____(1 =5=> 3)_____<1>
|3 5 4  |  |3   4  |
|8 2 7  |  |8 2 7  |
|9 1 6  |  |9 1 6 5|
--------------------
_____(2 =4=> 3)_____<1>
|3   4  |  |3      |
|8 2 7  |  |8 2 7 4|
|9 1 6 5|  |9 1 6 5|
--------------------
_____(3 =4=> 1)_____<1>
|3      |  |3 4    |
|8 2 7 4|  |8 2 7  |
|9 1 6 5|  |9 1 6 5|
--------------------
_____(3 =5=> 2)_____<1>
|3 4    |  |3 4 5  |
|8 2 7  |  |8 2 7  |
|9 1 6 5|  |9 1 6  |
--------------------
_____(1 =4=> 3)_____<1>
|3 4 5  |  |3   5  |
|8 2 7  |  |8 2 7  |
|9 1 6  |  |9 1 6 4|
--------------------
_____(2 =5=> 3)_____<1>
|3   5  |  |3      |
|8 2 7  |  |8 2 7 5|
|9 1 6 4|  |9 1 6 4|
--------------------
_____(2 =7=> 3)_____<1>
|3      |  |3     7|
|8 2 7 5|  |8 2   5|
|9 1 6 4|  |9 1 6 4|
--------------------
_____(2 =6=> 1)_____<1>
|3     7|  |3 6   7|
|8 2   5|  |8 2   5|
|9 1 6 4|  |9 1   4|
--------------------
_____(3 =7=> 2)_____<1>
|3 6   7|  |3 6    |
|8 2   5|  |8 2   5|
|9 1   4|  |9 1 7 4|
--------------------
_____(3 =5=> 2)_____<1>
|3 6    |  |3 6    |
|8 2   5|  |8 2 5  |
|9 1 7 4|  |9 1 7 4|
--------------------
_____(3 =4=> 2)_____<1>
|3 6    |  |3 6 4  |
|8 2 5  |  |8 2 5  |
|9 1 7 4|  |9 1 7  |
--------------------
_____(1 =6=> 3)_____<1>
|3 6 4  |  |3   4  |
|8 2 5  |  |8 2 5  |
|9 1 7  |  |9 1 7 6|
--------------------
_____(2 =4=> 3)_____<1>
|3   4  |  |3      |
|8 2 5  |  |8 2 5 4|
|9 1 7 6|  |9 1 7 6|
--------------------
_____(3 =4=> 1)_____<1>
|3      |  |3 4    |
|8 2 5 4|  |8 2 5  |
|9 1 7 6|  |9 1 7 6|
--------------------
_____(3 =6=> 2)_____<1>
|3 4    |  |3 4 6  |
|8 2 5  |  |8 2 5  |
|9 1 7 6|  |9 1 7  |
--------------------
_____(1 =4=> 3)_____<1>
|3 4 6  |  |3   6  |
|8 2 5  |  |8 2 5  |
|9 1 7  |  |9 1 7 4|
--------------------
_____(2 =6=> 3)_____<1>
|3   6  |  |3      |
|8 2 5  |  |8 2 5 6|
|9 1 7 4|  |9 1 7 4|
--------------------
_____(2 =5=> 3)_____<1>
|3      |  |3     5|
|8 2 5 6|  |8 2   6|
|9 1 7 4|  |9 1 7 4|
--------------------
_____(3 =5=> 1)_____<1>
|3     5|  |3 5    |
|8 2   6|  |8 2   6|
|9 1 7 4|  |9 1 7 4|
--------------------
_____(2 =7=> 3)_____<1>
|3 5    |  |3 5   7|
|8 2   6|  |8 2   6|
|9 1 7 4|  |9 1   4|
--------------------
_____(1 =5=> 2)_____<1>
|3 5   7|  |3     7|
|8 2   6|  |8 2   6|
|9 1   4|  |9 1 5 4|
--------------------
_____(3 =7=> 1)_____<1>
|3     7|  |3 7    |
|8 2   6|  |8 2   6|
|9 1 5 4|  |9 1 5 4|
--------------------
_____(2 =5=> 3)_____<1>
|3 7    |  |3 7   5|
|8 2   6|  |8 2   6|
|9 1 5 4|  |9 1   4|
--------------------
_____(0 =3=> 2)_____<1>
|3 7   5|  |  7   5|
|8 2   6|  |8 2   6|
|9 1   4|  |9 1 3 4|
--------------------
_____(3 =5=> 2)_____<1>
|  7   5|  |  7    |
|8 2   6|  |8 2 5 6|
|9 1 3 4|  |9 1 3 4|
--------------------
_____(3 =6=> 2)_____<1>
|  7    |  |  7 6  |
|8 2 5 6|  |8 2 5  |
|9 1 3 4|  |9 1 3 4|
--------------------
_____(3 =4=> 0)_____<1>
|  7 6  |  |4 7 6  |
|8 2 5  |  |8 2 5  |
|9 1 3 4|  |9 1 3  |
--------------------
_____(2 =6=> 3)_____<1>
|4 7 6  |  |4 7    |
|8 2 5  |  |8 2 5  |
|9 1 3  |  |9 1 3 6|
--------------------
_____(2 =5=> 3)_____<1>
|4 7    |  |4 7    |
|8 2 5  |  |8 2   5|
|9 1 3 6|  |9 1 3 6|
--------------------
_____(2 =3=> 3)_____<1>
|4 7    |  |4 7   3|
|8 2   5|  |8 2   5|
|9 1 3 6|  |9 1   6|
--------------------
_____(1 =7=> 2)_____<1>
|4 7   3|  |4     3|
|8 2   5|  |8 2   5|
|9 1   6|  |9 1 7 6|
--------------------
_____(3 =3=> 2)_____<1>
|4     3|  |4      |
|8 2   5|  |8 2 3 5|
|9 1 7 6|  |9 1 7 6|
--------------------
_____(3 =5=> 2)_____<1>
|4      |  |4   5  |
|8 2 3 5|  |8 2 3  |
|9 1 7 6|  |9 1 7 6|
--------------------
_____(3 =6=> 1)_____<1>
|4   5  |  |4 6 5  |
|8 2 3  |  |8 2 3  |
|9 1 7 6|  |9 1 7  |
--------------------
_____(2 =5=> 3)_____<1>
|4 6 5  |  |4 6    |
|8 2 3  |  |8 2 3  |
|9 1 7  |  |9 1 7 5|
--------------------
_____(2 =3=> 3)_____<1>
|4 6    |  |4 6    |
|8 2 3  |  |8 2   3|
|9 1 7 5|  |9 1 7 5|
--------------------
_____(2 =7=> 3)_____<1>
|4 6    |  |4 6   7|
|8 2   3|  |8 2   3|
|9 1 7 5|  |9 1   5|
--------------------
_____(1 =6=> 2)_____<1>
|4 6   7|  |4     7|
|8 2   3|  |8 2   3|
|9 1   5|  |9 1 6 5|
--------------------
_____(3 =7=> 2)_____<1>
|4     7|  |4      |
|8 2   3|  |8 2 7 3|
|9 1 6 5|  |9 1 6 5|
--------------------
_____(3 =3=> 2)_____<1>
|4      |  |4   3  |
|8 2 7 3|  |8 2 7  |
|9 1 6 5|  |9 1 6 5|
--------------------
_____(3 =5=> 1)_____<1>
|4   3  |  |4 5 3  |
|8 2 7  |  |8 2 7  |
|9 1 6 5|  |9 1 6  |
--------------------
_____(2 =3=> 3)_____<1>
|4 5 3  |  |4 5    |
|8 2 7  |  |8 2 7  |
|9 1 6  |  |9 1 6 3|
--------------------
_____(2 =7=> 3)_____<1>
|4 5    |  |4 5    |
|8 2 7  |  |8 2   7|
|9 1 6 3|  |9 1 6 3|
--------------------
_____(2 =6=> 3)_____<1>
|4 5    |  |4 5   6|
|8 2   7|  |8 2   7|
|9 1 6 3|  |9 1   3|
--------------------
_____(1 =5=> 2)_____<1>
|4 5   6|  |4     6|
|8 2   7|  |8 2   7|
|9 1   3|  |9 1 5 3|
--------------------
_____(3 =6=> 2)_____<1>
|4     6|  |4      |
|8 2   7|  |8 2 6 7|
|9 1 5 3|  |9 1 5 3|
--------------------
_____(3 =7=> 2)_____<1>
|4      |  |4   7  |
|8 2 6 7|  |8 2 6  |
|9 1 5 3|  |9 1 5 3|
--------------------
_____(3 =3=> 1)_____<1>
|4   7  |  |4 3 7  |
|8 2 6  |  |8 2 6  |
|9 1 5 3|  |9 1 5  |
--------------------
_____(2 =7=> 3)_____<1>
|4 3 7  |  |4 3    |
|8 2 6  |  |8 2 6  |
|9 1 5  |  |9 1 5 7|
--------------------
_____(2 =6=> 3)_____<1>
|4 3    |  |4 3    |
|8 2 6  |  |8 2   6|
|9 1 5 7|  |9 1 5 7|
--------------------
_____(2 =5=> 3)_____<1>
|4 3    |  |4 3   5|
|8 2   6|  |8 2   6|
|9 1 5 7|  |9 1   7|
--------------------
_____(1 =3=> 2)_____<1>
|4 3   5|  |4     5|
|8 2   6|  |8 2   6|
|9 1   7|  |9 1 3 7|
--------------------
_____(3 =5=> 2)_____<1>
|4     5|  |4      |
|8 2   6|  |8 2 5 6|
|9 1 3 7|  |9 1 3 7|
--------------------
_____(3 =6=> 2)_____<1>
|4      |  |4   6  |
|8 2 5 6|  |8 2 5  |
|9 1 3 7|  |9 1 3 7|
--------------------
_____(2 =6=> 1)_____<1>
|4   6  |  |4 6    |
|8 2 5  |  |8 2 5  |
|9 1 3 7|  |9 1 3 7|
--------------------
_____(3 =7=> 2)_____<1>
|4 6    |  |4 6 7  |
|8 2 5  |  |8 2 5  |
|9 1 3 7|  |9 1 3  |
--------------------
_____(1 =6=> 3)_____<1>
|4 6 7  |  |4   7  |
|8 2 5  |  |8 2 5  |
|9 1 3  |  |9 1 3 6|
--------------------
_____(2 =7=> 3)_____<1>
|4   7  |  |4      |
|8 2 5  |  |8 2 5 7|
|9 1 3 6|  |9 1 3 6|
--------------------
_____(2 =5=> 3)_____<1>
|4      |  |4     5|
|8 2 5 7|  |8 2   7|
|9 1 3 6|  |9 1 3 6|
--------------------
_____(3 =5=> 1)_____<1>
|4     5|  |4 5    |
|8 2   7|  |8 2   7|
|9 1 3 6|  |9 1 3 6|
--------------------
_____(3 =7=> 2)_____<1>
|4 5    |  |4 5    |
|8 2   7|  |8 2 7  |
|9 1 3 6|  |9 1 3 6|
--------------------
_____(3 =6=> 2)_____<1>
|4 5    |  |4 5 6  |
|8 2 7  |  |8 2 7  |
|9 1 3 6|  |9 1 3  |
--------------------
_____(1 =5=> 3)_____<1>
|4 5 6  |  |4   6  |
|8 2 7  |  |8 2 7  |
|9 1 3  |  |9 1 3 5|
--------------------
_____(2 =6=> 3)_____<1>
|4   6  |  |4      |
|8 2 7  |  |8 2 7 6|
|9 1 3 5|  |9 1 3 5|
--------------------
_____(3 =6=> 1)_____<1>
|4      |  |4 6    |
|8 2 7 6|  |8 2 7  |
|9 1 3 5|  |9 1 3 5|
--------------------
_____(3 =5=> 2)_____<1>
|4 6    |  |4 6 5  |
|8 2 7  |  |8 2 7  |
|9 1 3 5|  |9 1 3  |
--------------------
_____(1 =6=> 3)_____<1>
|4 6 5  |  |4   5  |
|8 2 7  |  |8 2 7  |
|9 1 3  |  |9 1 3 6|
--------------------
_____(2 =5=> 3)_____<1>
|4   5  |  |4      |
|8 2 7  |  |8 2 7 5|
|9 1 3 6|  |9 1 3 6|
--------------------
_____(2 =7=> 3)_____<1>
|4      |  |4     7|
|8 2 7 5|  |8 2   5|
|9 1 3 6|  |9 1 3 6|
--------------------
_____(2 =3=> 1)_____<1>
|4     7|  |4 3   7|
|8 2   5|  |8 2   5|
|9 1 3 6|  |9 1   6|
--------------------
_____(3 =7=> 2)_____<1>
|4 3   7|  |4 3    |
|8 2   5|  |8 2   5|
|9 1   6|  |9 1 7 6|
--------------------
_____(3 =5=> 2)_____<1>
|4 3    |  |4 3    |
|8 2   5|  |8 2 5  |
|9 1 7 6|  |9 1 7 6|
--------------------
_____(3 =6=> 2)_____<1>
|4 3    |  |4 3 6  |
|8 2 5  |  |8 2 5  |
|9 1 7 6|  |9 1 7  |
--------------------
_____(1 =3=> 3)_____<1>
|4 3 6  |  |4   6  |
|8 2 5  |  |8 2 5  |
|9 1 7  |  |9 1 7 3|
--------------------
_____(2 =6=> 3)_____<1>
|4   6  |  |4      |
|8 2 5  |  |8 2 5 6|
|9 1 7 3|  |9 1 7 3|
--------------------
_____(3 =6=> 1)_____<1>
|4      |  |4 6    |
|8 2 5 6|  |8 2 5  |
|9 1 7 3|  |9 1 7 3|
--------------------
_____(3 =3=> 2)_____<1>
|4 6    |  |4 6 3  |
|8 2 5  |  |8 2 5  |
|9 1 7 3|  |9 1 7  |
--------------------
_____(1 =6=> 3)_____<1>
|4 6 3  |  |4   3  |
|8 2 5  |  |8 2 5  |
|9 1 7  |  |9 1 7 6|
--------------------
_____(2 =3=> 3)_____<1>
|4   3  |  |4      |
|8 2 5  |  |8 2 5 3|
|9 1 7 6|  |9 1 7 6|
--------------------
_____(2 =5=> 3)_____<1>
|4      |  |4     5|
|8 2 5 3|  |8 2   3|
|9 1 7 6|  |9 1 7 6|
--------------------
_____(3 =5=> 1)_____<1>
|4     5|  |4 5    |
|8 2   3|  |8 2   3|
|9 1 7 6|  |9 1 7 6|
--------------------
_____(3 =3=> 2)_____<1>
|4 5    |  |4 5    |
|8 2   3|  |8 2 3  |
|9 1 7 6|  |9 1 7 6|
--------------------
_____(3 =6=> 2)_____<1>
|4 5    |  |4 5 6  |
|8 2 3  |  |8 2 3  |
|9 1 7 6|  |9 1 7  |
--------------------
_____(1 =5=> 3)_____<1>
|4 5 6  |  |4   6  |
|8 2 3  |  |8 2 3  |
|9 1 7  |  |9 1 7 5|
--------------------
_____(2 =6=> 3)_____<1>
|4   6  |  |4      |
|8 2 3  |  |8 2 3 6|
|9 1 7 5|  |9 1 7 5|
--------------------
_____(2 =3=> 3)_____<1>
|4      |  |4     3|
|8 2 3 6|  |8 2   6|
|9 1 7 5|  |9 1 7 5|
--------------------
_____(3 =3=> 1)_____<1>
|4     3|  |4 3    |
|8 2   6|  |8 2   6|
|9 1 7 5|  |9 1 7 5|
--------------------
_____(3 =6=> 2)_____<1>
|4 3    |  |4 3    |
|8 2   6|  |8 2 6  |
|9 1 7 5|  |9 1 7 5|
--------------------
_____(3 =5=> 2)_____<1>
|4 3    |  |4 3 5  |
|8 2 6  |  |8 2 6  |
|9 1 7 5|  |9 1 7  |
--------------------
_____(1 =3=> 3)_____<1>
|4 3 5  |  |4   5  |
|8 2 6  |  |8 2 6  |
|9 1 7  |  |9 1 7 3|
--------------------
_____(2 =5=> 3)_____<1>
|4   5  |  |4      |
|8 2 6  |  |8 2 6 5|
|9 1 7 3|  |9 1 7 3|
--------------------
_____(3 =5=> 1)_____<1>
|4      |  |4 5    |
|8 2 6 5|  |8 2 6  |
|9 1 7 3|  |9 1 7 3|
--------------------
_____(3 =3=> 2)_____<1>
|4 5    |  |4 5 3  |
|8 2 6  |  |8 2 6  |
|9 1 7 3|  |9 1 7  |
--------------------
_____(1 =5=> 3)_____<1>
|4 5 3  |  |4   3  |
|8 2 6  |  |8 2 6  |
|9 1 7  |  |9 1 7 5|
--------------------
_____(2 =3=> 3)_____<1>
|4   3  |  |4      |
|8 2 6  |  |8 2 6 3|
|9 1 7 5|  |9 1 7 5|
--------------------
_____(2 =6=> 3)_____<1>
|4      |  |4     6|
|8 2 6 3|  |8 2   3|
|9 1 7 5|  |9 1 7 5|
--------------------
_____(2 =7=> 1)_____<1>
|4     6|  |4 7   6|
|8 2   3|  |8 2   3|
|9 1 7 5|  |9 1   5|
--------------------
_____(3 =6=> 2)_____<1>
|4 7   6|  |4 7    |
|8 2   3|  |8 2   3|
|9 1   5|  |9 1 6 5|
--------------------
_____(3 =3=> 2)_____<1>
|4 7    |  |4 7    |
|8 2   3|  |8 2 3  |
|9 1 6 5|  |9 1 6 5|
--------------------
_____(3 =5=> 2)_____<1>
|4 7    |  |4 7 5  |
|8 2 3  |  |8 2 3  |
|9 1 6 5|  |9 1 6  |
--------------------
_____(1 =7=> 3)_____<1>
|4 7 5  |  |4   5  |
|8 2 3  |  |8 2 3  |
|9 1 6  |  |9 1 6 7|
--------------------
_____(2 =5=> 3)_____<1>
|4   5  |  |4      |
|8 2 3  |  |8 2 3 5|
|9 1 6 7|  |9 1 6 7|
--------------------
_____(3 =5=> 1)_____<1>
|4      |  |4 5    |
|8 2 3 5|  |8 2 3  |
|9 1 6 7|  |9 1 6 7|
--------------------
_____(3 =7=> 2)_____<1>
|4 5    |  |4 5 7  |
|8 2 3  |  |8 2 3  |
|9 1 6 7|  |9 1 6  |
--------------------
_____(1 =5=> 3)_____<1>
|4 5 7  |  |4   7  |
|8 2 3  |  |8 2 3  |
|9 1 6  |  |9 1 6 5|
--------------------
_____(2 =7=> 3)_____<1>
|4   7  |  |4      |
|8 2 3  |  |8 2 3 7|
|9 1 6 5|  |9 1 6 5|
--------------------
_____(2 =3=> 3)_____<1>
|4      |  |4     3|
|8 2 3 7|  |8 2   7|
|9 1 6 5|  |9 1 6 5|
--------------------
_____(3 =3=> 1)_____<1>
|4     3|  |4 3    |
|8 2   7|  |8 2   7|
|9 1 6 5|  |9 1 6 5|
--------------------
_____(3 =7=> 2)_____<1>
|4 3    |  |4 3    |
|8 2   7|  |8 2 7  |
|9 1 6 5|  |9 1 6 5|
--------------------
_____(3 =5=> 2)_____<1>
|4 3    |  |4 3 5  |
|8 2 7  |  |8 2 7  |
|9 1 6 5|  |9 1 6  |
--------------------
_____(1 =3=> 3)_____<1>
|4 3 5  |  |4   5  |
|8 2 7  |  |8 2 7  |
|9 1 6  |  |9 1 6 3|
--------------------
_____(2 =5=> 3)_____<1>
|4   5  |  |4      |
|8 2 7  |  |8 2 7 5|
|9 1 6 3|  |9 1 6 3|
--------------------
_____(2 =7=> 3)_____<1>
|4      |  |4     7|
|8 2 7 5|  |8 2   5|
|9 1 6 3|  |9 1 6 3|
--------------------
_____(3 =7=> 1)_____<1>
|4     7|  |4 7    |
|8 2   5|  |8 2   5|
|9 1 6 3|  |9 1 6 3|
--------------------
_____(3 =5=> 2)_____<1>
|4 7    |  |4 7    |
|8 2   5|  |8 2 5  |
|9 1 6 3|  |9 1 6 3|
--------------------
_____(3 =3=> 2)_____<1>
|4 7    |  |4 7 3  |
|8 2 5  |  |8 2 5  |
|9 1 6 3|  |9 1 6  |
--------------------
_____(1 =7=> 3)_____<1>
|4 7 3  |  |4   3  |
|8 2 5  |  |8 2 5  |
|9 1 6  |  |9 1 6 7|
--------------------
_____(2 =3=> 3)_____<1>
|4   3  |  |4      |
|8 2 5  |  |8 2 5 3|
|9 1 6 7|  |9 1 6 7|
--------------------
_____(3 =3=> 1)_____<1>
|4      |  |4 3    |
|8 2 5 3|  |8 2 5  |
|9 1 6 7|  |9 1 6 7|
--------------------
_____(3 =7=> 2)_____<1>
|4 3    |  |4 3 7  |
|8 2 5  |  |8 2 5  |
|9 1 6 7|  |9 1 6  |
--------------------
_____(1 =3=> 3)_____<1>
|4 3 7  |  |4   7  |
|8 2 5  |  |8 2 5  |
|9 1 6  |  |9 1 6 3|
--------------------
_____(2 =7=> 3)_____<1>
|4   7  |  |4      |
|8 2 5  |  |8 2 5 7|
|9 1 6 3|  |9 1 6 3|
--------------------
_____(2 =5=> 3)_____<1>
|4      |  |4     5|
|8 2 5 7|  |8 2   7|
|9 1 6 3|  |9 1 6 3|
--------------------
_____(2 =6=> 1)_____<1>
|4     5|  |4 6   5|
|8 2   7|  |8 2   7|
|9 1 6 3|  |9 1   3|
--------------------
_____(3 =5=> 2)_____<1>
|4 6   5|  |4 6    |
|8 2   7|  |8 2   7|
|9 1   3|  |9 1 5 3|
--------------------
_____(3 =7=> 2)_____<1>
|4 6    |  |4 6    |
|8 2   7|  |8 2 7  |
|9 1 5 3|  |9 1 5 3|
--------------------
_____(3 =3=> 2)_____<1>
|4 6    |  |4 6 3  |
|8 2 7  |  |8 2 7  |
|9 1 5 3|  |9 1 5  |
--------------------
_____(1 =6=> 3)_____<1>
|4 6 3  |  |4   3  |
|8 2 7  |  |8 2 7  |
|9 1 5  |  |9 1 5 6|
--------------------
_____(2 =3=> 3)_____<1>
|4   3  |  |4      |
|8 2 7  |  |8 2 7 3|
|9 1 5 6|  |9 1 5 6|
--------------------
_____(3 =3=> 1)_____<1>
|4      |  |4 3    |
|8 2 7 3|  |8 2 7  |
|9 1 5 6|  |9 1 5 6|
--------------------
_____(3 =6=> 2)_____<1>
|4 3    |  |4 3 6  |
|8 2 7  |  |8 2 7  |
|9 1 5 6|  |9 1 5  |
--------------------
_____(1 =3=> 3)_____<1>
|4 3 6  |  |4   6  |
|8 2 7  |  |8 2 7  |
|9 1 5  |  |9 1 5 3|
--------------------
_____(2 =6=> 3)_____<1>
|4   6  |  |4      |
|8 2 7  |  |8 2 7 6|
|9 1 5 3|  |9 1 5 3|
--------------------
_____(2 =7=> 3)_____<1>
|4      |  |4     7|
|8 2 7 6|  |8 2   6|
|9 1 5 3|  |9 1 5 3|
--------------------
_____(3 =7=> 1)_____<1>
|4     7|  |4 7    |
|8 2   6|  |8 2   6|
|9 1 5 3|  |9 1 5 3|
--------------------
_____(3 =6=> 2)_____<1>
|4 7    |  |4 7    |
|8 2   6|  |8 2 6  |
|9 1 5 3|  |9 1 5 3|
--------------------
_____(3 =3=> 2)_____<1>
|4 7    |  |4 7 3  |
|8 2 6  |  |8 2 6  |
|9 1 5 3|  |9 1 5  |
--------------------
_____(1 =7=> 3)_____<1>
|4 7 3  |  |4   3  |
|8 2 6  |  |8 2 6  |
|9 1 5  |  |9 1 5 7|
--------------------
_____(2 =3=> 3)_____<1>
|4   3  |  |4      |
|8 2 6  |  |8 2 6 3|
|9 1 5 7|  |9 1 5 7|
--------------------
_____(2 =6=> 3)_____<1>
|4      |  |4     6|
|8 2 6 3|  |8 2   3|
|9 1 5 7|  |9 1 5 7|
--------------------
_____(3 =6=> 1)_____<1>
|4     6|  |4 6    |
|8 2   3|  |8 2   3|
|9 1 5 7|  |9 1 5 7|
--------------------
_____(3 =3=> 2)_____<1>
|4 6    |  |4 6    |
|8 2   3|  |8 2 3  |
|9 1 5 7|  |9 1 5 7|
--------------------
_____(3 =7=> 2)_____<1>
|4 6    |  |4 6 7  |
|8 2 3  |  |8 2 3  |
|9 1 5 7|  |9 1 5  |
--------------------
_____(1 =6=> 3)_____<1>
|4 6 7  |  |4   7  |
|8 2 3  |  |8 2 3  |
|9 1 5  |  |9 1 5 6|
--------------------
_____(2 =7=> 3)_____<1>
|4   7  |  |4      |
|8 2 3  |  |8 2 3 7|
|9 1 5 6|  |9 1 5 6|
--------------------
_____(3 =7=> 1)_____<1>
|4      |  |4 7    |
|8 2 3 7|  |8 2 3  |
|9 1 5 6|  |9 1 5 6|
--------------------
_____(3 =6=> 2)_____<1>
|4 7    |  |4 7 6  |
|8 2 3  |  |8 2 3  |
|9 1 5 6|  |9 1 5  |
--------------------
_____(1 =7=> 3)_____<1>
|4 7 6  |  |4   6  |
|8 2 3  |  |8 2 3  |
|9 1 5  |  |9 1 5 7|
--------------------
_____(2 =6=> 3)_____<1>
|4   6  |  |4      |
|8 2 3  |  |8 2 3 6|
|9 1 5 7|  |9 1 5 7|
--------------------
_____(2 =3=> 3)_____<1>
|4      |  |4     3|
|8 2 3 6|  |8 2   6|
|9 1 5 7|  |9 1 5 7|
--------------------
_____(2 =5=> 1)_____<1>
|4     3|  |4 5   3|
|8 2   6|  |8 2   6|
|9 1 5 7|  |9 1   7|
--------------------
_____(3 =3=> 2)_____<1>
|4 5   3|  |4 5    |
|8 2   6|  |8 2   6|
|9 1   7|  |9 1 3 7|
--------------------
_____(3 =6=> 2)_____<1>
|4 5    |  |4 5    |
|8 2   6|  |8 2 6  |
|9 1 3 7|  |9 1 3 7|
--------------------
_____(3 =7=> 2)_____<1>
|4 5    |  |4 5 7  |
|8 2 6  |  |8 2 6  |
|9 1 3 7|  |9 1 3  |
--------------------
_____(1 =5=> 3)_____<1>
|4 5 7  |  |4   7  |
|8 2 6  |  |8 2 6  |
|9 1 3  |  |9 1 3 5|
--------------------
_____(2 =7=> 3)_____<1>
|4   7  |  |4      |
|8 2 6  |  |8 2 6 7|
|9 1 3 5|  |9 1 3 5|
--------------------
_____(3 =7=> 1)_____<1>
|4      |  |4 7    |
|8 2 6 7|  |8 2 6  |
|9 1 3 5|  |9 1 3 5|
--------------------
_____(3 =5=> 2)_____<1>
|4 7    |  |4 7 5  |
|8 2 6  |  |8 2 6  |
|9 1 3 5|  |9 1 3  |
--------------------
_____(1 =7=> 3)_____<1>
|4 7 5  |  |4   5  |
|8 2 6  |  |8 2 6  |
|9 1 3  |  |9 1 3 7|
--------------------
_____(2 =5=> 3)_____<1>
|4   5  |  |4      |
|8 2 6  |  |8 2 6 5|
|9 1 3 7|  |9 1 3 7|
--------------------
_____(2 =6=> 3)_____<1>
|4      |  |4     6|
|8 2 6 5|  |8 2   5|
|9 1 3 7|  |9 1 3 7|
--------------------
_____(3 =6=> 1)_____<1>
|4     6|  |4 6    |
|8 2   5|  |8 2   5|
|9 1 3 7|  |9 1 3 7|
--------------------
_____(2 =3=> 3)_____<1>
|4 6    |  |4 6   3|
|8 2   5|  |8 2   5|
|9 1 3 7|  |9 1   7|
--------------------
_____(1 =6=> 2)_____<1>
|4 6   3|  |4     3|
|8 2   5|  |8 2   5|
|9 1   7|  |9 1 6 7|
--------------------
_____(3 =3=> 1)_____<1>
|4     3|  |4 3    |
|8 2   5|  |8 2   5|
|9 1 6 7|  |9 1 6 7|
--------------------
_____(2 =6=> 3)_____<1>
|4 3    |  |4 3   6|
|8 2   5|  |8 2   5|
|9 1 6 7|  |9 1   7|
--------------------
_____(0 =4=> 2)_____<1>
|4 3   6|  |  3   6|
|8 2   5|  |8 2   5|
|9 1   7|  |9 1 4 7|
--------------------
_____(3 =6=> 2)_____<1>
|  3   6|  |  3    |
|8 2   5|  |8 2 6 5|
|9 1 4 7|  |9 1 4 7|
--------------------
_____(3 =5=> 2)_____<1>
|  3    |  |  3 5  |
|8 2 6 5|  |8 2 6  |
|9 1 4 7|  |9 1 4 7|
--------------------
_____(2 =5=> 0)_____<1>
|  3 5  |  |5 3    |
|8 2 6  |  |8 2 6  |
|9 1 4 7|  |9 1 4 7|
--------------------
_____(3 =7=> 2)_____<1>
|5 3    |  |5 3 7  |
|8 2 6  |  |8 2 6  |
|9 1 4 7|  |9 1 4  |
--------------------
_____(1 =3=> 3)_____<1>
|5 3 7  |  |5   7  |
|8 2 6  |  |8 2 6  |
|9 1 4  |  |9 1 4 3|
--------------------
_____(2 =7=> 3)_____<1>
|5   7  |  |5      |
|8 2 6  |  |8 2 6 7|
|9 1 4 3|  |9 1 4 3|
--------------------
_____(3 =7=> 1)_____<1>
|5      |  |5 7    |
|8 2 6 7|  |8 2 6  |
|9 1 4 3|  |9 1 4 3|
--------------------
_____(3 =3=> 2)_____<1>
|5 7    |  |5 7 3  |
|8 2 6  |  |8 2 6  |
|9 1 4 3|  |9 1 4  |
--------------------
_____(1 =7=> 3)_____<1>
|5 7 3  |  |5   3  |
|8 2 6  |  |8 2 6  |
|9 1 4  |  |9 1 4 7|
--------------------
_____(2 =3=> 3)_____<1>
|5   3  |  |5      |
|8 2 6  |  |8 2 6 3|
|9 1 4 7|  |9 1 4 7|
--------------------
_____(2 =6=> 3)_____<1>
|5      |  |5     6|
|8 2 6 3|  |8 2   3|
|9 1 4 7|  |9 1 4 7|
--------------------
_____(3 =6=> 1)_____<1>
|5     6|  |5 6    |
|8 2   3|  |8 2   3|
|9 1 4 7|  |9 1 4 7|
--------------------
_____(3 =3=> 2)_____<1>
|5 6    |  |5 6    |
|8 2   3|  |8 2 3  |
|9 1 4 7|  |9 1 4 7|
--------------------
_____(3 =7=> 2)_____<1>
|5 6    |  |5 6 7  |
|8 2 3  |  |8 2 3  |
|9 1 4 7|  |9 1 4  |
--------------------
_____(1 =6=> 3)_____<1>
|5 6 7  |  |5   7  |
|8 2 3  |  |8 2 3  |
|9 1 4  |  |9 1 4 6|
--------------------
_____(2 =7=> 3)_____<1>
|5   7  |  |5      |
|8 2 3  |  |8 2 3 7|
|9 1 4 6|  |9 1 4 6|
--------------------
_____(3 =7=> 1)_____<1>
|5      |  |5 7    |
|8 2 3 7|  |8 2 3  |
|9 1 4 6|  |9 1 4 6|
--------------------
_____(3 =6=> 2)_____<1>
|5 7    |  |5 7 6  |
|8 2 3  |  |8 2 3  |
|9 1 4 6|  |9 1 4  |
--------------------
_____(1 =7=> 3)_____<1>
|5 7 6  |  |5   6  |
|8 2 3  |  |8 2 3  |
|9 1 4  |  |9 1 4 7|
--------------------
_____(2 =6=> 3)_____<1>
|5   6  |  |5      |
|8 2 3  |  |8 2 3 6|
|9 1 4 7|  |9 1 4 7|
--------------------
_____(2 =3=> 3)_____<1>
|5      |  |5     3|
|8 2 3 6|  |8 2   6|
|9 1 4 7|  |9 1 4 7|
--------------------
_____(3 =3=> 1)_____<1>
|5     3|  |5 3    |
|8 2   6|  |8 2   6|
|9 1 4 7|  |9 1 4 7|
--------------------
_____(2 =4=> 3)_____<1>
|5 3    |  |5 3   4|
|8 2   6|  |8 2   6|
|9 1 4 7|  |9 1   7|
--------------------
_____(1 =3=> 2)_____<1>
|5 3   4|  |5     4|
|8 2   6|  |8 2   6|
|9 1   7|  |9 1 3 7|
--------------------
_____(3 =4=> 2)_____<1>
|5     4|  |5      |
|8 2   6|  |8 2 4 6|
|9 1 3 7|  |9 1 3 7|
--------------------
_____(3 =6=> 2)_____<1>
|5      |  |5   6  |
|8 2 4 6|  |8 2 4  |
|9 1 3 7|  |9 1 3 7|
--------------------
_____(3 =7=> 1)_____<1>
|5   6  |  |5 7 6  |
|8 2 4  |  |8 2 4  |
|9 1 3 7|  |9 1 3  |
--------------------
_____(2 =6=> 3)_____<1>
|5 7 6  |  |5 7    |
|8 2 4  |  |8 2 4  |
|9 1 3  |  |9 1 3 6|
--------------------
_____(2 =4=> 3)_____<1>
|5 7    |  |5 7    |
|8 2 4  |  |8 2   4|
|9 1 3 6|  |9 1 3 6|
--------------------
_____(2 =3=> 3)_____<1>
|5 7    |  |5 7   3|
|8 2   4|  |8 2   4|
|9 1 3 6|  |9 1   6|
--------------------
_____(1 =7=> 2)_____<1>
|5 7   3|  |5     3|
|8 2   4|  |8 2   4|
|9 1   6|  |9 1 7 6|
--------------------
_____(3 =3=> 2)_____<1>
|5     3|  |5      |
|8 2   4|  |8 2 3 4|
|9 1 7 6|  |9 1 7 6|
--------------------
_____(3 =4=> 2)_____<1>
|5      |  |5   4  |
|8 2 3 4|  |8 2 3  |
|9 1 7 6|  |9 1 7 6|
--------------------
_____(3 =6=> 1)_____<1>
|5   4  |  |5 6 4  |
|8 2 3  |  |8 2 3  |
|9 1 7 6|  |9 1 7  |
--------------------
_____(2 =4=> 3)_____<1>
|5 6 4  |  |5 6    |
|8 2 3  |  |8 2 3  |
|9 1 7  |  |9 1 7 4|
--------------------
_____(2 =3=> 3)_____<1>
|5 6    |  |5 6    |
|8 2 3  |  |8 2   3|
|9 1 7 4|  |9 1 7 4|
--------------------
_____(2 =7=> 3)_____<1>
|5 6    |  |5 6   7|
|8 2   3|  |8 2   3|
|9 1 7 4|  |9 1   4|
--------------------
_____(1 =6=> 2)_____<1>
|5 6   7|  |5     7|
|8 2   3|  |8 2   3|
|9 1   4|  |9 1 6 4|
--------------------
_____(3 =7=> 2)_____<1>
|5     7|  |5      |
|8 2   3|  |8 2 7 3|
|9 1 6 4|  |9 1 6 4|
--------------------
_____(3 =3=> 2)_____<1>
|5      |  |5   3  |
|8 2 7 3|  |8 2 7  |
|9 1 6 4|  |9 1 6 4|
--------------------
_____(3 =4=> 1)_____<1>
|5   3  |  |5 4 3  |
|8 2 7  |  |8 2 7  |
|9 1 6 4|  |9 1 6  |
--------------------
_____(2 =3=> 3)_____<1>
|5 4 3  |  |5 4    |
|8 2 7  |  |8 2 7  |
|9 1 6  |  |9 1 6 3|
--------------------
_____(2 =7=> 3)_____<1>
|5 4    |  |5 4    |
|8 2 7  |  |8 2   7|
|9 1 6 3|  |9 1 6 3|
--------------------
_____(2 =6=> 3)_____<1>
|5 4    |  |5 4   6|
|8 2   7|  |8 2   7|
|9 1 6 3|  |9 1   3|
--------------------
_____(1 =4=> 2)_____<1>
|5 4   6|  |5     6|
|8 2   7|  |8 2   7|
|9 1   3|  |9 1 4 3|
--------------------
_____(3 =6=> 1)_____<1>
|5     6|  |5 6    |
|8 2   7|  |8 2   7|
|9 1 4 3|  |9 1 4 3|
--------------------
_____(3 =7=> 2)_____<1>
|5 6    |  |5 6    |
|8 2   7|  |8 2 7  |
|9 1 4 3|  |9 1 4 3|
--------------------
_____(3 =3=> 2)_____<1>
|5 6    |  |5 6 3  |
|8 2 7  |  |8 2 7  |
|9 1 4 3|  |9 1 4  |
--------------------
_____(1 =6=> 3)_____<1>
|5 6 3  |  |5   3  |
|8 2 7  |  |8 2 7  |
|9 1 4  |  |9 1 4 6|
--------------------
_____(2 =3=> 3)_____<1>
|5   3  |  |5      |
|8 2 7  |  |8 2 7 3|
|9 1 4 6|  |9 1 4 6|
--------------------
_____(3 =3=> 1)_____<1>
|5      |  |5 3    |
|8 2 7 3|  |8 2 7  |
|9 1 4 6|  |9 1 4 6|
--------------------
_____(3 =6=> 2)_____<1>
|5 3    |  |5 3 6  |
|8 2 7  |  |8 2 7  |
|9 1 4 6|  |9 1 4  |
--------------------
_____(1 =3=> 3)_____<1>
|5 3 6  |  |5   6  |
|8 2 7  |  |8 2 7  |
|9 1 4  |  |9 1 4 3|
--------------------
_____(2 =6=> 3)_____<1>
|5   6  |  |5      |
|8 2 7  |  |8 2 7 6|
|9 1 4 3|  |9 1 4 3|
--------------------
_____(2 =7=> 3)_____<1>
|5      |  |5     7|
|8 2 7 6|  |8 2   6|
|9 1 4 3|  |9 1 4 3|
--------------------
_____(3 =7=> 1)_____<1>
|5     7|  |5 7    |
|8 2   6|  |8 2   6|
|9 1 4 3|  |9 1 4 3|
--------------------
_____(2 =4=> 3)_____<1>
|5 7    |  |5 7   4|
|8 2   6|  |8 2   6|
|9 1 4 3|  |9 1   3|
--------------------
_____(1 =7=> 2)_____<1>
|5 7   4|  |5     4|
|8 2   6|  |8 2   6|
|9 1   3|  |9 1 7 3|
--------------------
_____(3 =4=> 2)_____<1>
|5     4|  |5      |
|8 2   6|  |8 2 4 6|
|9 1 7 3|  |9 1 7 3|
--------------------
_____(3 =6=> 2)_____<1>
|5      |  |5   6  |
|8 2 4 6|  |8 2 4  |
|9 1 7 3|  |9 1 7 3|
--------------------
_____(3 =3=> 1)_____<1>
|5   6  |  |5 3 6  |
|8 2 4  |  |8 2 4  |
|9 1 7 3|  |9 1 7  |
--------------------
_____(2 =6=> 3)_____<1>
|5 3 6  |  |5 3    |
|8 2 4  |  |8 2 4  |
|9 1 7  |  |9 1 7 6|
--------------------
_____(2 =4=> 3)_____<1>
|5 3    |  |5 3    |
|8 2 4  |  |8 2   4|
|9 1 7 6|  |9 1 7 6|
--------------------
_____(2 =7=> 3)_____<1>
|5 3    |  |5 3   7|
|8 2   4|  |8 2   4|
|9 1 7 6|  |9 1   6|
--------------------
_____(1 =3=> 2)_____<1>
|5 3   7|  |5     7|
|8 2   4|  |8 2   4|
|9 1   6|  |9 1 3 6|
--------------------
_____(3 =7=> 2)_____<1>
|5     7|  |5      |
|8 2   4|  |8 2 7 4|
|9 1 3 6|  |9 1 3 6|
--------------------
_____(3 =4=> 2)_____<1>
|5      |  |5   4  |
|8 2 7 4|  |8 2 7  |
|9 1 3 6|  |9 1 3 6|
--------------------
_____(3 =6=> 1)_____<1>
|5   4  |  |5 6 4  |
|8 2 7  |  |8 2 7  |
|9 1 3 6|  |9 1 3  |
--------------------
_____(2 =4=> 3)_____<1>
|5 6 4  |  |5 6    |
|8 2 7  |  |8 2 7  |
|9 1 3  |  |9 1 3 4|
--------------------
_____(2 =7=> 3)_____<1>
|5 6    |  |5 6    |
|8 2 7  |  |8 2   7|
|9 1 3 4|  |9 1 3 4|
--------------------
_____(2 =3=> 3)_____<1>
|5 6    |  |5 6   3|
|8 2   7|  |8 2   7|
|9 1 3 4|  |9 1   4|
--------------------
_____(1 =6=> 2)_____<1>
|5 6   3|  |5     3|
|8 2   7|  |8 2   7|
|9 1   4|  |9 1 6 4|
--------------------
_____(3 =3=> 2)_____<1>
|5     3|  |5      |
|8 2   7|  |8 2 3 7|
|9 1 6 4|  |9 1 6 4|
--------------------
_____(3 =7=> 2)_____<1>
|5      |  |5   7  |
|8 2 3 7|  |8 2 3  |
|9 1 6 4|  |9 1 6 4|
--------------------
_____(3 =4=> 1)_____<1>
|5   7  |  |5 4 7  |
|8 2 3  |  |8 2 3  |
|9 1 6 4|  |9 1 6  |
--------------------
_____(2 =7=> 3)_____<1>
|5 4 7  |  |5 4    |
|8 2 3  |  |8 2 3  |
|9 1 6  |  |9 1 6 7|
--------------------
_____(2 =3=> 3)_____<1>
|5 4    |  |5 4    |
|8 2 3  |  |8 2   3|
|9 1 6 7|  |9 1 6 7|
--------------------
_____(2 =6=> 3)_____<1>
|5 4    |  |5 4   6|
|8 2   3|  |8 2   3|
|9 1 6 7|  |9 1   7|
--------------------
_____(0 =5=> 2)_____<1>
|5 4   6|  |  4   6|
|8 2   3|  |8 2   3|
|9 1   7|  |9 1 5 7|
--------------------
_____(3 =6=> 2)_____<1>
|  4   6|  |  4    |
|8 2   3|  |8 2 6 3|
|9 1 5 7|  |9 1 5 7|
--------------------
_____(3 =3=> 2)_____<1>
|  4    |  |  4 3  |
|8 2 6 3|  |8 2 6  |
|9 1 5 7|  |9 1 5 7|
--------------------
_____(1 =4=> 3)_____<1>
|  4 3  |  |    3  |
|8 2 6  |  |8 2 6 4|
|9 1 5 7|  |9 1 5 7|
--------------------
_____(2 =3=> 3)_____<1>
|    3  |  |      3|
|8 2 6 4|  |8 2 6 4|
|9 1 5 7|  |9 1 5 7|
--------------------
_____(3 =3=> 1)_____<1>
|      3|  |  3    |
|8 2 6 4|  |8 2 6 4|
|9 1 5 7|  |9 1 5 7|
--------------------
_____(3 =4=> 2)_____<1>
|  3    |  |  3 4  |
|8 2 6 4|  |8 2 6  |
|9 1 5 7|  |9 1 5 7|
--------------------
_____(1 =3=> 3)_____<1>
|  3 4  |  |    4  |
|8 2 6  |  |8 2 6 3|
|9 1 5 7|  |9 1 5 7|
--------------------
_____(2 =4=> 3)_____<1>
|    4  |  |      4|
|8 2 6 3|  |8 2 6 3|
|9 1 5 7|  |9 1 5 7|
--------------------
_____(2 =6=> 1)_____<1>
|      4|  |  6   4|
|8 2 6 3|  |8 2   3|
|9 1 5 7|  |9 1 5 7|
--------------------
_____(3 =4=> 2)_____<1>
|  6   4|  |  6    |
|8 2   3|  |8 2 4 3|
|9 1 5 7|  |9 1 5 7|
--------------------
_____(3 =3=> 2)_____<1>
|  6    |  |  6 3  |
|8 2 4 3|  |8 2 4  |
|9 1 5 7|  |9 1 5 7|
--------------------
_____(1 =6=> 3)_____<1>
|  6 3  |  |    3  |
|8 2 4  |  |8 2 4 6|
|9 1 5 7|  |9 1 5 7|
--------------------
_____(3 =6=> 0)_____<1>
|    3  |  |6   3  |
|8 2 4 6|  |8 2 4  |
|9 1 5 7|  |9 1 5 7|
--------------------
_____(3 =7=> 1)_____<1>
|6   3  |  |6 7 3  |
|8 2 4  |  |8 2 4  |
|9 1 5 7|  |9 1 5  |
--------------------
_____(2 =3=> 3)_____<1>
|6 7 3  |  |6 7    |
|8 2 4  |  |8 2 4  |
|9 1 5  |  |9 1 5 3|
--------------------
_____(2 =4=> 3)_____<1>
|6 7    |  |6 7    |
|8 2 4  |  |8 2   4|
|9 1 5 3|  |9 1 5 3|
--------------------
_____(2 =5=> 3)_____<1>
|6 7    |  |6 7   5|
|8 2   4|  |8 2   4|
|9 1 5 3|  |9 1   3|
--------------------
_____(1 =7=> 2)_____<1>
|6 7   5|  |6     5|
|8 2   4|  |8 2   4|
|9 1   3|  |9 1 7 3|
--------------------
_____(3 =5=> 2)_____<1>
|6     5|  |6      |
|8 2   4|  |8 2 5 4|
|9 1 7 3|  |9 1 7 3|
--------------------
_____(3 =4=> 2)_____<1>
|6      |  |6   4  |
|8 2 5 4|  |8 2 5  |
|9 1 7 3|  |9 1 7 3|
--------------------
_____(3 =3=> 1)_____<1>
|6   4  |  |6 3 4  |
|8 2 5  |  |8 2 5  |
|9 1 7 3|  |9 1 7  |
--------------------
_____(2 =4=> 3)_____<1>
|6 3 4  |  |6 3    |
|8 2 5  |  |8 2 5  |
|9 1 7  |  |9 1 7 4|
--------------------
_____(2 =5=> 3)_____<1>
|6 3    |  |6 3    |
|8 2 5  |  |8 2   5|
|9 1 7 4|  |9 1 7 4|
--------------------
_____(2 =7=> 3)_____<1>
|6 3    |  |6 3   7|
|8 2   5|  |8 2   5|
|9 1 7 4|  |9 1   4|
--------------------
_____(1 =3=> 2)_____<1>
|6 3   7|  |6     7|
|8 2   5|  |8 2   5|
|9 1   4|  |9 1 3 4|
--------------------
_____(3 =7=> 2)_____<1>
|6     7|  |6      |
|8 2   5|  |8 2 7 5|
|9 1 3 4|  |9 1 3 4|
--------------------
_____(3 =5=> 2)_____<1>
|6      |  |6   5  |
|8 2 7 5|  |8 2 7  |
|9 1 3 4|  |9 1 3 4|
--------------------
_____(3 =4=> 1)_____<1>
|6   5  |  |6 4 5  |
|8 2 7  |  |8 2 7  |
|9 1 3 4|  |9 1 3  |
--------------------
_____(2 =5=> 3)_____<1>
|6 4 5  |  |6 4    |
|8 2 7  |  |8 2 7  |
|9 1 3  |  |9 1 3 5|
--------------------
_____(2 =7=> 3)_____<1>
|6 4    |  |6 4    |
|8 2 7  |  |8 2   7|
|9 1 3 5|  |9 1 3 5|
--------------------
_____(2 =3=> 3)_____<1>
|6 4    |  |6 4   3|
|8 2   7|  |8 2   7|
|9 1 3 5|  |9 1   5|
--------------------
_____(1 =4=> 2)_____<1>
|6 4   3|  |6     3|
|8 2   7|  |8 2   7|
|9 1   5|  |9 1 4 5|
--------------------
_____(3 =3=> 2)_____<1>
|6     3|  |6      |
|8 2   7|  |8 2 3 7|
|9 1 4 5|  |9 1 4 5|
--------------------
_____(3 =7=> 2)_____<1>
|6      |  |6   7  |
|8 2 3 7|  |8 2 3  |
|9 1 4 5|  |9 1 4 5|
--------------------
_____(3 =5=> 1)_____<1>
|6   7  |  |6 5 7  |
|8 2 3  |  |8 2 3  |
|9 1 4 5|  |9 1 4  |
--------------------
_____(2 =7=> 3)_____<1>
|6 5 7  |  |6 5    |
|8 2 3  |  |8 2 3  |
|9 1 4  |  |9 1 4 7|
--------------------
_____(2 =3=> 3)_____<1>
|6 5    |  |6 5    |
|8 2 3  |  |8 2   3|
|9 1 4 7|  |9 1 4 7|
--------------------
_____(2 =4=> 3)_____<1>
|6 5    |  |6 5   4|
|8 2   3|  |8 2   3|
|9 1 4 7|  |9 1   7|
--------------------
_____(1 =5=> 2)_____<1>
|6 5   4|  |6     4|
|8 2   3|  |8 2   3|
|9 1   7|  |9 1 5 7|
--------------------
_____(3 =4=> 2)_____<1>
|6     4|  |6      |
|8 2   3|  |8 2 4 3|
|9 1 5 7|  |9 1 5 7|
--------------------
_____(3 =3=> 1)_____<1>
|6      |  |6 3    |
|8 2 4 3|  |8 2 4  |
|9 1 5 7|  |9 1 5 7|
--------------------
_____(3 =7=> 2)_____<1>
|6 3    |  |6 3 7  |
|8 2 4  |  |8 2 4  |
|9 1 5 7|  |9 1 5  |
--------------------
_____(1 =3=> 3)_____<1>
|6 3 7  |  |6   7  |
|8 2 4  |  |8 2 4  |
|9 1 5  |  |9 1 5 3|
--------------------
_____(2 =7=> 3)_____<1>
|6   7  |  |6      |
|8 2 4  |  |8 2 4 7|
|9 1 5 3|  |9 1 5 3|
--------------------
_____(2 =4=> 3)_____<1>
|6      |  |6     4|
|8 2 4 7|  |8 2   7|
|9 1 5 3|  |9 1 5 3|
--------------------
_____(3 =4=> 1)_____<1>
|6     4|  |6 4    |
|8 2   7|  |8 2   7|
|9 1 5 3|  |9 1 5 3|
--------------------
_____(3 =7=> 2)_____<1>
|6 4    |  |6 4    |
|8 2   7|  |8 2 7  |
|9 1 5 3|  |9 1 5 3|
--------------------
_____(3 =3=> 2)_____<1>
|6 4    |  |6 4 3  |
|8 2 7  |  |8 2 7  |
|9 1 5 3|  |9 1 5  |
--------------------
_____(1 =4=> 3)_____<1>
|6 4 3  |  |6   3  |
|8 2 7  |  |8 2 7  |
|9 1 5  |  |9 1 5 4|
--------------------
_____(2 =3=> 3)_____<1>
|6   3  |  |6      |
|8 2 7  |  |8 2 7 3|
|9 1 5 4|  |9 1 5 4|
--------------------
_____(3 =3=> 1)_____<1>
|6      |  |6 3    |
|8 2 7 3|  |8 2 7  |
|9 1 5 4|  |9 1 5 4|
--------------------
_____(3 =4=> 2)_____<1>
|6 3    |  |6 3 4  |
|8 2 7  |  |8 2 7  |
|9 1 5 4|  |9 1 5  |
--------------------
_____(1 =3=> 3)_____<1>
|6 3 4  |  |6   4  |
|8 2 7  |  |8 2 7  |
|9 1 5  |  |9 1 5 3|
--------------------
_____(2 =4=> 3)_____<1>
|6   4  |  |6      |
|8 2 7  |  |8 2 7 4|
|9 1 5 3|  |9 1 5 3|
--------------------
_____(2 =7=> 3)_____<1>
|6      |  |6     7|
|8 2 7 4|  |8 2   4|
|9 1 5 3|  |9 1 5 3|
--------------------
_____(2 =5=> 1)_____<1>
|6     7|  |6 5   7|
|8 2   4|  |8 2   4|
|9 1 5 3|  |9 1   3|
--------------------
_____(3 =7=> 2)_____<1>
|6 5   7|  |6 5    |
|8 2   4|  |8 2   4|
|9 1   3|  |9 1 7 3|
--------------------
_____(3 =4=> 2)_____<1>
|6 5    |  |6 5    |
|8 2   4|  |8 2 4  |
|9 1 7 3|  |9 1 7 3|
--------------------
_____(3 =3=> 2)_____<1>
|6 5    |  |6 5 3  |
|8 2 4  |  |8 2 4  |
|9 1 7 3|  |9 1 7  |
--------------------
_____(1 =5=> 3)_____<1>
|6 5 3  |  |6   3  |
|8 2 4  |  |8 2 4  |
|9 1 7  |  |9 1 7 5|
--------------------
_____(2 =3=> 3)_____<1>
|6   3  |  |6      |
|8 2 4  |  |8 2 4 3|
|9 1 7 5|  |9 1 7 5|
--------------------
_____(3 =3=> 1)_____<1>
|6      |  |6 3    |
|8 2 4 3|  |8 2 4  |
|9 1 7 5|  |9 1 7 5|
--------------------
_____(3 =5=> 2)_____<1>
|6 3    |  |6 3 5  |
|8 2 4  |  |8 2 4  |
|9 1 7 5|  |9 1 7  |
--------------------
_____(1 =3=> 3)_____<1>
|6 3 5  |  |6   5  |
|8 2 4  |  |8 2 4  |
|9 1 7  |  |9 1 7 3|
--------------------
_____(2 =5=> 3)_____<1>
|6   5  |  |6      |
|8 2 4  |  |8 2 4 5|
|9 1 7 3|  |9 1 7 3|
--------------------
_____(2 =4=> 3)_____<1>
|6      |  |6     4|
|8 2 4 5|  |8 2   5|
|9 1 7 3|  |9 1 7 3|
--------------------
_____(3 =4=> 1)_____<1>
|6     4|  |6 4    |
|8 2   5|  |8 2   5|
|9 1 7 3|  |9 1 7 3|
--------------------
_____(3 =5=> 2)_____<1>
|6 4    |  |6 4    |
|8 2   5|  |8 2 5  |
|9 1 7 3|  |9 1 7 3|
--------------------
_____(3 =3=> 2)_____<1>
|6 4    |  |6 4 3  |
|8 2 5  |  |8 2 5  |
|9 1 7 3|  |9 1 7  |
--------------------
_____(1 =4=> 3)_____<1>
|6 4 3  |  |6   3  |
|8 2 5  |  |8 2 5  |
|9 1 7  |  |9 1 7 4|
--------------------
_____(2 =3=> 3)_____<1>
|6   3  |  |6      |
|8 2 5  |  |8 2 5 3|
|9 1 7 4|  |9 1 7 4|
--------------------
_____(2 =5=> 3)_____<1>
|6      |  |6     5|
|8 2 5 3|  |8 2   3|
|9 1 7 4|  |9 1 7 4|
--------------------
_____(3 =5=> 1)_____<1>
|6     5|  |6 5    |
|8 2   3|  |8 2   3|
|9 1 7 4|  |9 1 7 4|
--------------------
_____(3 =3=> 2)_____<1>
|6 5    |  |6 5    |
|8 2   3|  |8 2 3  |
|9 1 7 4|  |9 1 7 4|
--------------------
_____(3 =4=> 2)_____<1>
|6 5    |  |6 5 4  |
|8 2 3  |  |8 2 3  |
|9 1 7 4|  |9 1 7  |
--------------------
_____(1 =5=> 3)_____<1>
|6 5 4  |  |6   4  |
|8 2 3  |  |8 2 3  |
|9 1 7  |  |9 1 7 5|
--------------------
_____(2 =4=> 3)_____<1>
|6   4  |  |6      |
|8 2 3  |  |8 2 3 4|
|9 1 7 5|  |9 1 7 5|
--------------------
_____(3 =4=> 1)_____<1>
|6      |  |6 4    |
|8 2 3 4|  |8 2 3  |
|9 1 7 5|  |9 1 7 5|
--------------------
_____(3 =5=> 2)_____<1>
|6 4    |  |6 4 5  |
|8 2 3  |  |8 2 3  |
|9 1 7 5|  |9 1 7  |
--------------------
_____(1 =4=> 3)_____<1>
|6 4 5  |  |6   5  |
|8 2 3  |  |8 2 3  |
|9 1 7  |  |9 1 7 4|
--------------------
_____(2 =5=> 3)_____<1>
|6   5  |  |6      |
|8 2 3  |  |8 2 3 5|
|9 1 7 4|  |9 1 7 4|
--------------------
_____(2 =3=> 3)_____<1>
|6      |  |6     3|
|8 2 3 5|  |8 2   5|
|9 1 7 4|  |9 1 7 4|
--------------------
_____(2 =7=> 1)_____<1>
|6     3|  |6 7   3|
|8 2   5|  |8 2   5|
|9 1 7 4|  |9 1   4|
--------------------
_____(3 =3=> 2)_____<1>
|6 7   3|  |6 7    |
|8 2   5|  |8 2   5|
|9 1   4|  |9 1 3 4|
--------------------
_____(3 =5=> 2)_____<1>
|6 7    |  |6 7    |
|8 2   5|  |8 2 5  |
|9 1 3 4|  |9 1 3 4|
--------------------
_____(3 =4=> 2)_____<1>
|6 7    |  |6 7 4  |
|8 2 5  |  |8 2 5  |
|9 1 3 4|  |9 1 3  |
--------------------
_____(1 =7=> 3)_____<1>
|6 7 4  |  |6   4  |
|8 2 5  |  |8 2 5  |
|9 1 3  |  |9 1 3 7|
--------------------
_____(2 =4=> 3)_____<1>
|6   4  |  |6      |
|8 2 5  |  |8 2 5 4|
|9 1 3 7|  |9 1 3 7|
--------------------
_____(3 =4=> 1)_____<1>
|6      |  |6 4    |
|8 2 5 4|  |8 2 5  |
|9 1 3 7|  |9 1 3 7|
--------------------
_____(3 =7=> 2)_____<1>
|6 4    |  |6 4 7  |
|8 2 5  |  |8 2 5  |
|9 1 3 7|  |9 1 3  |
--------------------
_____(1 =4=> 3)_____<1>
|6 4 7  |  |6   7  |
|8 2 5  |  |8 2 5  |
|9 1 3  |  |9 1 3 4|
--------------------
_____(2 =7=> 3)_____<1>
|6   7  |  |6      |
|8 2 5  |  |8 2 5 7|
|9 1 3 4|  |9 1 3 4|
--------------------
_____(2 =5=> 3)_____<1>
|6      |  |6     5|
|8 2 5 7|  |8 2   7|
|9 1 3 4|  |9 1 3 4|
--------------------
_____(3 =5=> 1)_____<1>
|6     5|  |6 5    |
|8 2   7|  |8 2   7|
|9 1 3 4|  |9 1 3 4|
--------------------
_____(3 =7=> 2)_____<1>
|6 5    |  |6 5    |
|8 2   7|  |8 2 7  |
|9 1 3 4|  |9 1 3 4|
--------------------
_____(3 =4=> 2)_____<1>
|6 5    |  |6 5 4  |
|8 2 7  |  |8 2 7  |
|9 1 3 4|  |9 1 3  |
--------------------
_____(1 =5=> 3)_____<1>
|6 5 4  |  |6   4  |
|8 2 7  |  |8 2 7  |
|9 1 3  |  |9 1 3 5|
--------------------
_____(2 =4=> 3)_____<1>
|